10941	0.1187504706539368	0.7742294442619911	0.10702008508407204
10942	0.42580386450302765	0.460345148480613	0.11385098701635925
10943	0.013169515609880403	0.3221822671542504	0.6646482172358692
10944	0.009769881622768919	0.9807205355299301	0.009509582847300994
10945	0.03688491911621272	0.9481914694551633	0.014923611428623933
10946	0.0425700189256882	0.936535191752958	0.020894789321353836
10947	0.16717164878423454	0.76166998573788	0.07115836547788543
10948	0.42659223728462786	0.4712618290390687	0.10214593367630356
10949	0.2274191823307692	0.7523258102734891	0.020255007395741736
10950	0.9035752889759913	0.07234207218775267	0.02408263883625611
10951	0.08228867369414193	0.6403262986583245	0.27738502764753364
10952	0.3624869618052116	0.39286912444154326	0.24464391375324507
10953	0.0748432497755629	0.3691852977370718	0.5559714524873652
10954	0.11291728197034884	0.23968807653521973	0.6473946414944314
10955	0.24939038539368535	0.6045659686380381	0.14604364596827657
10956	0.2697887294812118	0.7151735118474313	0.015037758671357012
10957	0.3214737716310839	0.2886829572373717	0.3898432711315444
10958	0.18568670335850282	0.7682165006250026	0.04609679601649452
10959	0.038316638451333714	0.9425695776168198	0.019113783931846477
10960	0.027316311359210213	0.9688268595332709	0.003856829107518912
10961	0.05889774591812754	0.7575482696007959	0.18355398448107654
10962	0.06247177787030395	0.9176424122370505	0.019885809892645545
10963	0.011176890507134803	0.977071159683861	0.011751949809004151
10964	0.23020549071070034	0.660579412004106	0.10921509728519366
10965	0.017119769053672143	0.9775792891754134	0.005300941770914581
10966	0.032722842576106755	0.8863101627814309	0.08096699464246242
10967	0.0417096966952729	0.9305074915500556	0.027782811754671535
10968	0.016214023851745283	0.9694115204815351	0.014374455666719552
10969	0.03234630047344432	0.8999625683076248	0.06769113121893093
10970	0.028380250964302817	0.9226628016068174	0.04895694742887989
10971	0.24757693372101128	0.6233097419322754	0.12911332434671335
10972	0.0416624492282425	0.9169158477401351	0.0414217030316223
10973	0.007982375229486707	0.9785219882722712	0.013495636498242102
10974	0.006866528234399086	0.9835639686705712	0.009569503095029826
10975	0.0723067882987226	0.7077135205958376	0.21997969110543972
10976	0.1996232250632188	0.3992068779136137	0.4011698970231674
10977	0.048825784621353556	0.9265077548061521	0.02466646057249424
10978	0.036100838175249575	0.8930490694197265	0.07085009240502384
10979	0.3116277762539781	0.5665166254530677	0.1218555982929542
10980	0.01505075813030613	0.03719363524697413	0.9477556066227196
10981	0.09752292877815281	0.27522948813939707	0.6272475830824501
10982	0.06476148715267872	0.8985000844136984	0.03673842843362272
10983	0.08484537899204767	0.8770966564029793	0.03805796460497301
10984	0.03906116317065825	0.9180583087510982	0.042880528078243614
10985	0.0594726106336336	0.49255308379775165	0.4479743055686146
10986	0.02709999760368919	0.2305367959150913	0.7423632064812196
10987	0.09306098924452916	0.8008868635099425	0.1060521472455283
10988	0.03988284411695491	0.8818107943521357	0.07830636153090925
10989	0.030070722853601746	0.801138500584331	0.16879077656206729
10990	0.14773811815463828	0.5946330769671608	0.25762880487820083
10991	0.023468797167563404	0.9272033392210615	0.04932786361137516
10992	0.05178049997203691	0.8274680657464425	0.1207514342815206
10993	0.10962825911829895	0.8010280643154516	0.08934367656624943
10994	0.013166121182761713	0.9294790439758609	0.05735483484137749
10995	0.004848200933355379	0.04035712685622437	0.9547946722104202
10996	0.9368553524942761	0.029321713259870517	0.033822934245853316
10997	0.8334339458462674	0.08671734561366999	0.07984870854006276
10998	0.020586763097119057	0.8861152083047411	0.09329802859813986
10999	0.02619752413289317	0.9545435624251967	0.0192589134419101
11000	0.6250784358519921	0.25006122414012855	0.12486034000787939
11001	0.2588867227418498	0.7215911286153963	0.019522148642753718
11002	0.16735988522360234	0.6657564476168079	0.16688366715958983
11003	0.2104164933218811	0.6236798927851565	0.1659036138929625
11004	0.23255493923393808	0.7068818267686269	0.06056323399743507
11005	0.24546668166166197	0.6961622039631711	0.05837111437516703
11006	0.028498854705790232	0.9681273370461165	0.0033738082480932827
11007	0.040551953361789815	0.9528109105526644	0.006637136085545821
11008	0.06493660065628354	0.9264911627001605	0.008572236643555916
11009	0.08170839600981215	0.6586398146632101	0.25965178932697786
11010	0.059729935970570795	0.8243895319391861	0.11588053209024318
11011	0.028747367599165585	0.9502607139221433	0.02099191847869112
11012	0.07629049943696432	0.8856698813410578	0.038039619221977856
11013	0.1092719082697492	0.7574191861763379	0.13330890555391295
11014	0.05365735977645042	0.9335458944048582	0.012796745818691243
11015	0.1321607324265378	0.8485024831575572	0.019336784415905122
11016	0.08049253621955282	0.8949687326455673	0.024538731134879855
11017	0.018862762836463366	0.9458288927742962	0.035308344389240444
11018	0.03011453102838133	0.9175527409898255	0.05233272798179316
11019	0.10354745477920342	0.848032815019831	0.0484197302009656
11020	0.2822477927272269	0.452168191159509	0.26558401611326404
11021	0.10637205936851234	0.8886940077740437	0.004933932857444027
11022	0.12186007789112181	0.8712828901215471	0.0068570319873311365
11023	0.03280770713885009	0.9523362677363636	0.014856025124786293
11024	0.07101693819617128	0.8849202788715951	0.044062782932233605
11025	0.19930857532948001	0.7421669224697356	0.05852450220078444
11026	0.029751989641359528	0.6076105224391524	0.36263748791948813
11027	0.06596954868422734	0.8863157386235563	0.047714712692216416
11028	0.004723240545787418	0.9887411236879229	0.006535635766289752
11029	0.16063983088394396	0.8017826998668104	0.037577469249245606
11030	0.5507458269477497	0.3735856518680766	0.07566852118417386
11031	0.2168230246850973	0.7660098897585589	0.01716708555634393
11032	0.011387381696193919	0.9858619054568262	0.002750712846979792
11033	0.048777046497157604	0.8280132251025664	0.12320972840027604
11034	0.0990684447889689	0.6427366514156133	0.25819490379541776
11035	0.016707468366497717	0.22930120255599312	0.7539913290775092
11036	0.03962425274219614	0.29950671832852654	0.6608690289292773
11037	0.05113050247192449	0.2519119520990322	0.6969575454290433
11038	0.021354327968614365	0.19103142816474175	0.7876142438666437
11039	0.10067818520226415	0.8604314247663453	0.03889039003139052
11040	0.26908264368243157	0.6917490642938597	0.03916829202370878
11041	0.2103276110328624	0.7637766253103772	0.025895763656760506
11042	0.11572416194028541	0.7859438032662325	0.09833203479348213
11043	0.02753274969465256	0.961754653448453	0.010712596856894368
11044	0.16468953250078378	0.40357481720773747	0.4317356502914788
11045	0.080545600729884	0.8830320863813683	0.036422312888747824
11046	0.07191491802614397	0.8098202088699448	0.11826487310391119
11047	0.13134968489001592	0.8309339600291616	0.0377163550808224
11048	0.10581873414304545	0.8406239806470343	0.0535572852099203
11049	0.02131914235539136	0.9721255300157169	0.006555327628891738
11050	0.21085549353408917	0.7228348214894428	0.06630968497646804
11051	0.4141943893144782	0.5043489574141465	0.08145665327137522
11052	0.02919383217258799	0.9647127271374291	0.0060934406899830085
11053	0.009383789855969982	0.9090099661904382	0.08160624395359178
11054	0.015327212831988376	0.9767630797245797	0.007909707443431979
11055	0.29608394227660173	0.6245692425003716	0.07934681522302668
11056	0.3592406323705784	0.5646367524225172	0.07612261520690433
11057	0.08251278770779018	0.9116127340379115	0.005874478254298245
11058	0.22055075965902154	0.77179541958745	0.007653820753528336
11059	0.4308553247088458	0.49945891108672513	0.06968576420442911
11060	0.06157340280289314	0.9165346127279047	0.02189198446920213
11061	0.10718856633037159	0.8787270110285358	0.014084422641092593
11062	0.058988964497121085	0.9109350389441501	0.030075996558728803
11063	0.010775359799123335	0.9874716906418374	0.0017529495590392452
11064	0.4142143561312861	0.5683480836681929	0.01743756020052117
11065	0.0634905252224568	0.92544425424525	0.011065220532293243
11066	0.2595853381009986	0.7194077359087918	0.02100692599020971
11067	0.09100587095286586	0.8147313221871992	0.0942628068599349
11068	0.28440888153169885	0.644245208965398	0.071345909502903
11069	0.04157041512335355	0.9531432793716785	0.005286305504967953
11070	0.41704505874513725	0.4629649455433963	0.11998999571146629
11071	0.02562615631586468	0.4248611518399875	0.5495126918441477
11072	0.047177954504514154	0.8601147274087961	0.09270731808668957
11073	0.009257278020823616	0.9636907769272172	0.027051945051959164
11074	0.12209751274566474	0.803452490588758	0.07444999666557721
11075	0.07087106676296143	0.8328810854987188	0.0962478477383199
11076	0.12540315004481004	0.8116565058296598	0.06294034412553015
11077	0.7272296671306583	0.2612596492545782	0.01151068361476356
11078	0.08566619062991816	0.8828393704668833	0.03149443890319853
11079	0.33367905849580287	0.6165545529281006	0.049766388576096506
11080	0.36202008802519375	0.5245570112537604	0.11342290072104587
11081	0.013728564467468535	0.5057101526179095	0.48056128291462197
11082	0.0008583815151452634	0.9716457705945479	0.027495847890306898
11083	0.08741100092698843	0.7632259068079553	0.14936309226505629
11084	0.07929453573487036	0.8090162058144148	0.11168925845071478
11085	0.003953268301233114	0.1365368323384082	0.8595098993603587
11086	0.27585872722838295	0.6459228160801399	0.07821845669147702
11087	0.007852401592916319	0.9877910653256483	0.004356533081435422
11088	0.08258177058156817	0.44347945308116726	0.4739387763372646
11089	0.20519531633344754	0.7249239246994865	0.06988075896706601
11090	0.0010334445350858765	0.9273398377757692	0.07162671768914486
11091	0.7711470638218076	0.12595343462904068	0.10289950154915183
11092	0.009673894678702256	0.9829770115123316	0.007349093808966073
11093	0.25780018851196573	0.6916217928357135	0.05057801865232077
11094	0.05563602609956978	0.6948196270448247	0.24954434685560556
11095	0.06613861740529887	0.7646686165933059	0.16919276600139527
11096	0.042886370299779535	0.8555521867210191	0.10156144297920146
11097	0.009859476981821066	0.25553521287752656	0.7346053101406523
11098	0.026171828679999298	0.7746560586065478	0.19917211271345284
11099	0.05595809364074882	0.9148792377373827	0.029162668621868587
11100	0.30841191450535765	0.4434773248540662	0.24811076064057605
11101	0.010670604290321586	0.940524697905147	0.04880469780453132
11102	0.03807471048999039	0.8707731570741251	0.09115213243588448
11103	0.09660969278159995	0.8366938816325171	0.06669642558588301
11104	0.14500483299196068	0.7685604000417188	0.08643476696632059
11105	0.13128873203992172	0.21862077124883147	0.6500904967112467
11106	0.02442636006317859	0.9690446962972329	0.006528943639588612
11107	0.011169427279185516	0.981947954564683	0.006882618156131456
11108	0.33594327947332975	0.586330173006379	0.07772654752029125
11109	0.2968707414226814	0.5893791902747781	0.11375006830254038
11110	0.15531872592305898	0.6743898236920967	0.17029145038484428
11111	0.019646521728213445	0.9667425205915942	0.013610957680192519
11112	0.03576100965854489	0.9124318047928867	0.05180718554856832
11113	0.284459162623469	0.7028098826727693	0.012730954703761734
11114	0.01672429508646125	0.9781278645086103	0.005147840404928435
11115	0.07756145424606091	0.5903324241780006	0.33210612157593844
11116	0.7191186434416295	0.2369037393272489	0.043977617231121674
11117	0.8458409338721816	0.12827589103305415	0.0258831750947642
11118	0.049002169463335805	0.6132439245797361	0.337753905956928
11119	0.062387976859643895	0.6605819756144019	0.2770300475259542
11120	0.12058219474017882	0.8661175538530638	0.013300251406757366
11121	0.07966145325165241	0.896189229863554	0.024149316884793687
11122	0.13710386179145562	0.7500130910891434	0.112883047119401
11123	0.0004901159059651609	0.975662504959164	0.02384737913487079
11124	0.02917978618008467	0.9570363980418743	0.013783815778040946
11125	0.05441938766048093	0.8887722711902716	0.05680834114924751
11126	0.014880651433120812	0.8674509500112952	0.11766839855558398
11127	0.0470892086272373	0.45438551146400036	0.49852527990876233
11128	0.16474589555897473	0.6270133909147557	0.20824071352626944
11129	0.16648075758501366	0.8086800182921541	0.02483922412283228
11130	0.06715503016624859	0.8300444187401103	0.10280055109364114
11131	0.07432561728270268	0.8943887937918199	0.03128558892547743
11132	0.15204524514592554	0.8098029126465529	0.03815184220752156
11133	0.023661090079755972	0.9568150818780486	0.019523828042195303
11134	0.2836382620449935	0.6762579596371483	0.040103778317858225
11135	0.07715936700747072	0.75943755077368	0.1634030822188493
11136	0.05857727351012414	0.6373668095777928	0.30405591691208306
11137	0.3073141780810139	0.6617955581944065	0.030890263724579495
11138	0.009267852174698927	0.7749913575585967	0.21574079026670423
11139	0.020827699633689523	0.7097248445745171	0.2694474557917933
11140	0.07937890381502555	0.760807877144798	0.15981321904017642
11141	0.029610370649194324	0.8433812171974666	0.12700841215333905
11142	0.31544466385546377	0.6395928688613473	0.044962467283189
11143	0.06563555374263307	0.8918443189748393	0.04252012728252766
11144	0.4043580590036689	0.3710154362689559	0.22462650472737514
11145	0.05673521177508204	0.9229237295640914	0.020341058660826493
11146	0.06960015377799397	0.9128123535776823	0.01758749264432373
11147	0.30479571462964095	0.5868063122445165	0.10839797312584251
11148	0.19703722804080934	0.6569552379117235	0.14600753404746705
11149	0.027499449300886547	0.9640885606949314	0.008411990004182033
11150	0.5211095844164748	0.4350012190377837	0.04388919654574146
11151	0.2500869343369535	0.6940174756851079	0.05589558997793853
11152	0.009423270115211617	0.9259558284167354	0.06462090146805308
11153	0.10959852400805846	0.473403954357313	0.4169975216346287
11154	0.12282962948882922	0.8642569242132448	0.012913446297925964
11155	0.02762215095594364	0.4409575624465189	0.5314202865975375
11156	0.005807599008909261	0.17436169006516308	0.8198307109259277
11157	0.06698377617594413	0.7553834506104867	0.17763277321356916
11158	0.011532328716856012	0.06538953692825258	0.9230781343548915
11159	0.06389382160554519	0.4137405520601483	0.5223656263343065
11160	0.177748632138518	0.648503156726966	0.17374821113451594
11161	0.03958087845261234	0.31973931724152144	0.6406798043058662
11162	0.08418383483247907	0.7766356029805787	0.13918056218694227
11163	0.00989831428050621	0.6705044430349888	0.319597242684505
11164	0.09407989102221004	0.8494104760303194	0.05650963294747057
11165	0.08217854053535344	0.8621238224851515	0.05569763697949517
11166	0.032592063498955555	0.4581620320102884	0.5092459044907561
11167	0.08948478976963463	0.8275459866519737	0.08296922357839166
11168	0.5340694512350987	0.34850781028752864	0.11742273847737246
11169	0.10323265571619321	0.827584054158853	0.06918329012495371
11170	0.08646718787678542	0.8609644473860891	0.052568364737125374
11171	0.14546575754167224	0.8421677561037749	0.012366486354552961
11172	0.15654864568395938	0.7243298307801492	0.11912152353589141
11173	0.1740309886952561	0.7451963514945501	0.08077265981019369
11174	0.009888547509727013	0.9478536241601897	0.04225782833008335
11175	0.2580886589904048	0.4178138963415694	0.3240974446680259
11176	0.08098028371717796	0.8228055128166581	0.09621420346616394
11177	0.18255949468770297	0.7857602929359196	0.031680212376377546
11178	0.05624595318884549	0.627093716177264	0.31666033063389054
11179	0.1914856779436181	0.7791251334048522	0.029389188651529716
11180	0.24078541358605	0.7299935862292177	0.029221000184732282
11181	0.05100934500653536	0.8317644868991837	0.11722616809428098
11182	0.05301118610938342	0.8886786341515854	0.05831017973903118
11183	0.05943570210958601	0.26573467937410455	0.6748296185163094
11184	0.21668326372591898	0.6373263615110617	0.1459903747630194
11185	0.022185083933473917	0.9671784739569019	0.010636442109624274
11186	0.02278076604522509	0.9667943961142271	0.01042483784054764
11187	0.039459280172279294	0.8032403376392471	0.15730038218847353
11188	0.035622514909185915	0.8473208218619059	0.11705666322890816
11189	0.1330921133034346	0.8128881899231273	0.054019696773438056
11190	0.03350795678492146	0.9311510747088285	0.035340968506250015
11191	0.0809072980238088	0.8178786286944785	0.10121407328171263
11192	0.02484392603476822	0.9665227691249936	0.008633304840238247
11193	0.002957358517429845	0.9069214680628442	0.09012117341972592
11194	0.15165496390524613	0.8042518273343026	0.04409320876045138
11195	0.04279856280029239	0.7969608720050487	0.16024056519465893
11196	0.0482383650309522	0.9239456322662416	0.027816002702806115
11197	0.14278177225528696	0.7979549478929268	0.059263279851786324
11198	0.2713622908149803	0.6360967313411019	0.09254097784391767
11199	0.5453707549494999	0.38454531284445415	0.0700839322060459
11200	0.06795126800140053	0.8779714626198999	0.054077269378699604
11201	0.2924847807564359	0.5166970701301651	0.190818149113399
11202	0.0470992452863241	0.9358242916222675	0.017076463091408433
11203	0.026133346798164304	0.682925297517058	0.2909413556847777
11204	0.05938482508640436	0.7095677396413264	0.2310474352722693
11205	0.24364916770659567	0.630830491715017	0.12552034057838726
11206	0.2724764180715136	0.6022540679312467	0.1252695139972398
11207	0.10503324147435514	0.5815809056261529	0.3133858528994919
11208	0.2806923536112153	0.5081108329647324	0.21119681342405233
11209	0.06308198324436928	0.7806366562437291	0.15628136051190164
11210	0.02425820723239857	0.7199048478965131	0.2558369448710884
11211	0.003675602975364482	0.992993346721873	0.0033310503027624517
11212	0.04662069431697199	0.8258312058150928	0.12754809986793525
11213	0.14764894804576714	0.777541383371845	0.07480966858238794
11214	0.09768688689388502	0.29265061203011317	0.6096625010760018
11215	0.19767721802803284	0.6763130436412504	0.12600973833071671
11216	0.10523170013225787	0.8433193078008947	0.051448992066847436
11217	0.0334103486778297	0.9468424933870144	0.019747157935155867
11218	0.05041167555374446	0.9241925005653867	0.025395823880868824
11219	0.14701022799748298	0.6883380537569308	0.16465171824558628
11220	0.38656776490100686	0.6085339072363968	0.004898327862596421
11221	0.018367568846859847	0.9563469574930591	0.025285473660081083
11222	0.24727555760226	0.6291871632484929	0.12353727914924714
11223	0.1349623387522513	0.8145403576744695	0.05049730357327906
11224	0.01920633480631528	0.9084611751352659	0.07233249005841869
11225	0.4275897494772206	0.528068492600787	0.04434175792199245
11226	0.23777437415859573	0.604847859642539	0.1573777661988653
11227	0.0279367701667061	0.39305329429967634	0.5790099355336176
11228	0.32926482584843325	0.5566590828797652	0.1140760912718016
11229	0.0503269114018006	0.713082175226198	0.2365909133720014
11230	0.10030806459216197	0.8831203350001348	0.016571600407703186
11231	0.0018540460057329606	0.7163614179606308	0.28178453603363623
11232	0.38861353252673353	0.5265586945978512	0.08482777287541535
11233	0.13350689016464543	0.8200054098005954	0.0464877000347591
11234	0.07524965433966826	0.687166402483502	0.23758394317682976
11235	0.25522318618518514	0.4178764097770097	0.3269004040378053
11236	0.01040351206744458	0.9731503481348701	0.01644613979768527
11237	0.06449625407738845	0.9208891228704147	0.014614623052196971
11238	0.019810421713756278	0.5643921557908507	0.41579742249539314
11239	0.04764674729956639	0.8930097130678054	0.05934353963262811
11240	0.037109288012528684	0.5571113530705182	0.40577935891695316
11241	0.015282071027032537	0.9624996323764364	0.022218296596531118
11242	0.017056635222848365	0.960211703507869	0.022731661269282603
11243	0.03822160295818079	0.1635232207811143	0.7982551762607049
11244	0.0532233301151193	0.9145649136084797	0.03221175627640097
11245	0.17436997693811207	0.5493271379890913	0.2763028850727967
11246	0.27936045471466814	0.5081860078983693	0.21245353738696246
11247	0.6082115329892874	0.2908885585779893	0.10089990843272323
11248	0.04328396583837394	0.8330677942873081	0.12364823987431797
11249	0.08905287167581487	0.8472775781674386	0.06366955015674654
11250	0.027198314771029276	0.6455919414365827	0.32720974379238804
11251	0.05512031203498038	0.6784527956832932	0.2664268922817264
11252	0.032243348565998003	0.9367604794240891	0.03099617200991276
11253	0.31661380968253977	0.582016996020404	0.10136919429705615
11254	0.25826312502021775	0.6371625812060691	0.10457429377371322
11255	0.3788837386767701	0.5803375322996983	0.040778729023531565
11256	0.09813638355983954	0.855264695252529	0.046598921187631474
11257	0.4130124289987693	0.5738110154935546	0.013176555507676204
11258	0.03023248953387062	0.5682929899610956	0.4014745205050338
11259	0.05742887535534699	0.9240553874644701	0.01851573718018285
11260	0.20470252677265993	0.7752518663913633	0.020045606835976736
11261	0.38778008627482574	0.47395943859933837	0.1382604751258358
11262	0.029783091638179274	0.880297801479158	0.08991910688266277
11263	0.026297881478799644	0.908254490021729	0.06544762849947149
11264	0.06787218987185713	0.8555964194622372	0.07653139066590568
11265	0.17327357266581853	0.735020156688166	0.09170627064601546
11266	0.026423611455361113	0.8969490376851601	0.07662735085947875
11267	0.12295089244321565	0.6463363493639047	0.23071275819287967
11268	0.1150825981946439	0.7069089889491459	0.1780084128562102
11269	0.1973662580610682	0.6886995097844223	0.11393423215450951
11270	0.10749708268517896	0.19997880068455903	0.692524116630262
11271	0.26437179991579673	0.5616689098651572	0.1739592902190461
11272	0.18205143987773414	0.7897896829123389	0.028158877209927064
11273	0.14329395926060565	0.8201051230465106	0.03660091769288384
11274	0.08908093318384361	0.3315919250648287	0.5793271417513277
11275	0.16905278736042448	0.7186534253683389	0.11229378727123661
11276	0.03865254506038252	0.9451241467129307	0.016223308226686817
11277	0.016803253718726534	0.9750026546392939	0.008194091641979477
11278	0.06667471340057418	0.8513819385329557	0.0819433480664701
11279	0.06234812134505714	0.5402098675732064	0.3974420110817363
11280	0.08880672422535243	0.8768284223016737	0.03436485347297394
11281	0.07221693009225223	0.8310984664653347	0.09668460344241311
11282	0.10083688996773696	0.8218312246079554	0.07733188542430766
11283	0.02200762394422201	0.9020064863877071	0.07598588966807093
11284	0.09987637826894541	0.798189437663544	0.10193418406751059
11285	0.050447473427416616	0.8884518329919862	0.06110069358059723
11286	0.1029505200711197	0.8346568963421047	0.06239258358677554
11287	0.08893207346153675	0.7009628106506017	0.21010511588786154
11288	0.20847967744074072	0.7566521739692947	0.03486814858996445
11289	0.02154778613026966	0.9622845357234722	0.016167678146258056
11290	0.0205387031690127	0.9482946752680037	0.031166621562983648
11291	0.3482045319933316	0.46594954235456776	0.1858459256521006
11292	0.6235807360328364	0.2510031490353124	0.1254161149318513
11293	0.17748000735029457	0.7360367964245677	0.08648319622513784
11294	0.03606039061546779	0.95895231822121	0.004987291163322372
11295	0.02819897964609936	0.9684193332115943	0.0033816871423062735
11296	0.15160156381854642	0.5196915581550863	0.3287068780263673
11297	0.18980174441373687	0.48479723363298566	0.3254010219532776
11298	0.05448643760087293	0.9439378889746104	0.0015756734245166246
11299	0.041173734891458445	0.9573204055935943	0.001505859514947345
11300	0.06863535656759835	0.8509005397859946	0.08046410364640709
11301	0.034263728247292534	0.8147229707630428	0.15101330098966473
11302	0.09965734794360978	0.8878599957438644	0.01248265631252583
11303	0.01804527136296552	0.9692565393908552	0.012698189246179253
11304	0.02688107985040371	0.7658181199471231	0.20730080020247313
11305	0.059803932010412265	0.779020484690997	0.1611755832985907
11306	0.052283556234342415	0.8791069953354796	0.06860944843017795
11307	0.7907291570546274	0.18437397369024164	0.0248968692551309
11308	0.006754927051292297	0.898033329594136	0.09521174335457167
11309	0.010741441202313875	0.8671438249308491	0.122114733866837
11310	0.020554590341137192	0.912204727996327	0.06724068166253572
11311	0.019224472078266813	0.9743520242025097	0.0064235037192234
11312	0.17516056496576468	0.7709364076649756	0.05390302736925972
11313	0.21351128618526552	0.5864025768448393	0.20008613696989513
11314	0.049262056135996976	0.9358442482285072	0.014893695635495816
11315	0.18174616744208655	0.77843826165942	0.03981557089849352
11316	0.4218711086975313	0.5311191565803279	0.04700973472214064
11317	0.06630457667485859	0.8964393311795007	0.03725609214564068
11318	0.61578396670086	0.08278623105477705	0.30142980224436305
11319	0.3641715905451265	0.1627622885568848	0.47306612089798866
11320	0.0022018439084326813	0.9589666620337586	0.03883149405780863
11321	0.0020008425884187934	0.9744900330626919	0.023509124348889295
11322	0.1092145014520398	0.7662545138132513	0.1245309847347089
11323	0.14026634744118244	0.7332704413748427	0.12646321118397486
11324	0.15941760915028283	0.7560265193945254	0.08455587145519185
11325	0.6494609463686277	0.3272795049831402	0.02325954864823196
11326	0.33357528576923895	0.643889219062705	0.022535495168056034
11327	0.08550864728991807	0.8901518594394006	0.02433949327068134
11328	0.25036115363828837	0.7348731594277665	0.01476568693394509
11329	0.01752528220644504	0.7436993256425953	0.2387753921509597
11330	0.033641208056630144	0.9391600856954321	0.02719870624793791
11331	0.043662211272560626	0.9409028556726186	0.015434933054820892
11332	0.0734591024422972	0.9140776859420908	0.012463211615611893
11333	0.115831233415725	0.812196681135784	0.07197208544849094
11334	0.0002709194500971001	0.9991856061357305	0.0005434744141723938
11335	0.010502725278933894	0.4448299997064794	0.5446672750145867
11336	0.6255168083511593	0.24368836848039563	0.13079482316844512
11337	0.15022438966492713	0.7491957789988958	0.100579831336177
11338	0.42323129950281385	0.45835512081830404	0.11841357967888207
11339	0.19088759468815125	0.7890335743350919	0.020078830976756872
11340	0.010905945710511277	0.9875228302997459	0.0015712239897428951
11341	0.18751898122998217	0.7222167413582081	0.09026427741180967
11342	0.5141716117272808	0.36865513046214077	0.11717325781057852
11343	0.6008765091834428	0.29321014218537184	0.10591334863118546
11344	0.03665077071791105	0.7217681653031816	0.2415810639789075
11345	0.138794373720974	0.4900685056125501	0.3711371206664759
11346	0.42585973804897165	0.5525247780879899	0.021615483863038385
11347	0.31270515903536883	0.5707853181458534	0.11650952281877767
11348	0.4869037745318778	0.42295944400489033	0.09013678146323179
11349	0.07313663002335315	0.8282726260014199	0.09859074397522696
11350	0.16374595999575983	0.8274570087769315	0.008797031227308676
11351	0.011764359062896449	0.10361045306088108	0.8846251878762224
11352	0.04963941732298143	0.8865770035128572	0.06378357916416129
11353	0.0781729193540311	0.7989781021485115	0.12284897849745745
11354	0.07659070459979707	0.8128206725494659	0.11058862285073705
11355	0.18830636794545644	0.5759159707202038	0.23577766133433975
11356	0.19469102461584928	0.5095808463096714	0.2957281290744794
11357	0.5044293999346667	0.40898535269180986	0.08658524737352331
11358	0.07377986974448902	0.28710420155325383	0.6391159287022571
11359	0.029694172627223805	0.940299167842128	0.03000665953064826
11360	0.09838752901921792	0.48538844980319024	0.41622402117759194
11361	0.5811728872433061	0.3909997755524845	0.027827337204209327
11362	0.04213479160442878	0.8932235023331266	0.06464170606244442
11363	0.10799586231487579	0.7996097092522612	0.092394428432863
11364	0.05318623656604313	0.4269541607468227	0.5198596026871342
11365	0.0008056987513607204	0.9882315129427586	0.010962788305880595
11366	0.21909925330404761	0.7443892315967704	0.0365115150991819
11367	0.43294199765976593	0.5482669524251912	0.018791049915042754
11368	0.02896142576910615	0.6851775316968437	0.28586104253405015
11369	0.00420811345653783	0.9836016817687917	0.012190204774670352
11370	0.29075592576541553	0.6863671031908835	0.02287697104370109
11371	0.0751282287436307	0.9059050135551321	0.01896675770123731
11372	0.01892451129028494	0.9803530050771607	0.0007224836325542876
11373	0.5179344952042666	0.3987492120561512	0.08331629273958219
11374	0.0980634785040261	0.8465798973883608	0.05535662410761309
11375	0.06124147149130686	0.8381982495486565	0.10056027896003658
11376	0.03687299027569449	0.3427275713774625	0.6203994383468431
11377	0.037241258204152736	0.9405531183433122	0.022205623452535017
11378	0.07839339092534083	0.9052710756685061	0.016335533406153145
11379	0.0003799244096762003	0.7749224831518038	0.22469759243852
11380	0.11120251745813198	0.8669246082697147	0.02187287427215332
11381	0.020241091844002527	0.8430117176299166	0.13674719052608098
11382	0.04463445132699691	0.8499827030526298	0.10538284562037327
11383	0.012014102682216364	0.9838060197622573	0.004179877555526363
11384	0.18845973173796338	0.6847001727910447	0.12684009547099195
11385	0.21911053409932874	0.6945100777456495	0.08637938815502172
11386	0.14797420157026	0.8193775338463599	0.03264826458338006
11387	0.10170190277333487	0.8540354756752397	0.044262621551425484
11388	0.1438105295006779	0.7904896333653628	0.06569983713395927
11389	0.11167060005162474	0.823808731989356	0.0645206679590193
11390	0.1346479075537014	0.7477639644735564	0.11758812797274215
11391	0.012630503516495525	0.8652974523696857	0.12207204411381876
11392	0.005602635944808035	0.8394540958932187	0.15494326816197318
11393	0.23049160682683809	0.6619508337641293	0.10755755940903264
11394	0.10231636723852691	0.8799242399300493	0.01775939283142367
11395	0.10058994537949917	0.7814634998217335	0.11794655479876733
11396	0.23285426916459923	0.7206171306182305	0.04652860021717026
11397	0.14049916705880208	0.518016048410377	0.34148478453082093
11398	0.2938563701582027	0.6490852577574908	0.05705837208430643
11399	0.011015658852254544	0.946713812098919	0.04227052904882649
11400	0.008187828939595574	0.9752276250617283	0.01658454599867616
11401	0.10361803303519705	0.8501712962818792	0.04621067068292384
11402	0.04764757431225202	0.5942596106352656	0.3580928150524824
11403	0.009951944181845673	0.7197044087781224	0.2703436470400319
11404	0.012215382874090496	0.973709234522036	0.014075382603873624
11405	0.06345405186401458	0.9068843027257812	0.029661645410204125
11406	0.27620407976031663	0.6987108722162663	0.025085048023417073
11407	0.6116769453796259	0.34099787863155695	0.04732517598881715
11408	0.32694415613920413	0.6059281578113733	0.06712768604942254
11409	0.12806099520769998	0.8071894734319099	0.06474953136038998
11410	0.34299959817596937	0.019478274339905975	0.6375221274841248
11411	0.5816479665808727	0.2717183128262796	0.14663372059284766
11412	0.3103636154332383	0.482000499012183	0.20763588555457874
11413	0.056011082561872046	0.7972048355200894	0.14678408191803857
11414	0.03567906892971897	0.9612665280884214	0.0030544029818596174
11415	0.19906524738718953	0.239736423578085	0.5611983290347254
11416	0.45697322690417136	0.5143752101236391	0.028651562972189626
11417	0.09529713697992209	0.6803850866955227	0.22431777632455524
11418	0.0491622328505584	0.810585416128053	0.14025235102138864
11419	0.010141476548016731	0.9612355177577728	0.028623005694210515
11420	0.12042734467284598	0.8271706406498149	0.0524020146773391
11421	0.06315509490178237	0.24437751115211517	0.6924673939461023
11422	0.050093864880496504	0.9190730655375592	0.030833069581944306
11423	0.09729446971738996	0.782380614468118	0.12032491581449206
11424	0.08965640279728511	0.820647581584917	0.08969601561779789
11425	0.35954878929782336	0.490039907337658	0.15041130336451858
11426	0.11421478003610792	0.25301965629339956	0.6327655636704924
11427	0.0190350088386711	0.9236832605373398	0.05728173062398909
11428	0.12806566874249775	0.867091100327109	0.004843230930393192
11429	0.3111660843954984	0.2255035363482186	0.463330379256283
11430	0.14507504791900888	0.8049685945661348	0.049956357514856345
11431	0.05847715923142705	0.7573267058997394	0.18419613486883354
11432	0.12465132732298848	0.7381321537867077	0.13721651889030384
11433	0.3121005068209781	0.6827729539305545	0.005126539248467438
11434	0.2375871683915533	0.6413135876675841	0.12109924394086265
11435	0.2200242101308266	0.6893891179934852	0.09058667187568817
11436	0.07035199067349032	0.6904586208108248	0.23918938851568494
11437	0.02332062374467822	0.20041187531489865	0.7762675009404231
11438	0.025741127303742114	0.9403810521090425	0.03387782058721534
11439	0.02097110624124997	0.36340026537184805	0.6156286283869018
11440	0.07071201990203038	0.8061072349510399	0.12318074514692981
11441	0.03413509470325437	0.8198948773523927	0.145970027944353
11442	0.058633652648760706	0.9264877618280792	0.014878585523159996
11443	0.056458611004449544	0.9117328601498477	0.03180852884570276
11444	0.11554682940253536	0.8191317699674522	0.06532140063001245
11445	0.09838752901921792	0.48538844980319024	0.41622402117759194
11446	0.0477685892624431	0.8864603435620932	0.06577106717546374
11447	0.12485775009851968	0.8176654919007305	0.05747675800074978
11448	0.09508940863794872	0.2311730889895788	0.6737375023724724
11449	0.058295622865799646	0.5539896456421637	0.3877147314920367
11450	0.07979469777796158	0.865999638642335	0.054205663579703335
11451	0.02419209339277089	0.9223840983007628	0.05342380830646632
11452	0.021279018558729608	0.9186679733012336	0.06005300814003671
11453	0.15463249918659777	0.8333180669246801	0.012049433888722129
11454	0.030594810684140782	0.7549375107410691	0.21446767857479015
11455	0.02690669909781891	0.9333644054181807	0.039728895484000444
11456	0.5288899642369441	0.4571005844090143	0.014009451354041564
11457	0.055103585056568115	0.35850900609955705	0.5863874088438749
11458	0.0022688753667477034	0.81277414151222	0.18495698312103226
11459	0.0021996454546827776	0.9954102926497174	0.0023900618955999555
11460	0.040993633872973965	0.913432109756113	0.04557425637091303
11461	0.22428528985342694	0.6747343267105759	0.10098038343599715
11462	0.3880309217783759	0.5545945457573155	0.057374532464308695
11463	0.37479327399900253	0.5537900028228306	0.07141672317816677
11464	0.22123146190841547	0.6700584046278731	0.10871013346371136
11465	0.09066516550433734	0.5726337138356635	0.33670112065999913
11466	0.6363967372629598	0.3505250902895041	0.013078172447536014
11467	0.10633335914453879	0.8657764912395286	0.027890149615932676
11468	0.18974531459882316	0.7820614528153902	0.028193232585786692
11469	0.0893190299395243	0.9035796300135502	0.007101340046925455
11470	0.13625285459698433	0.7652387111883072	0.09850843421470847
11471	0.2293396605768413	0.7093821983627899	0.06127814106036872
11472	0.01832606661450362	0.7266380531701827	0.2550358802153136
11473	0.03573923455689576	0.780447910445276	0.18381285499782826
11474	0.16863858401690737	0.8022908257422161	0.029070590240876566
11475	0.20927211184231528	0.7615469922883968	0.029180895869287914
11476	0.4167084014222181	0.4286619081622607	0.1546296904155213
11477	0.07130229467506712	0.3406235544738807	0.5880741508510522
11478	0.03367893559833585	0.9630526245540084	0.003268439847655687
11479	0.02402621899379087	0.9444585726005442	0.0315152084056649
11480	0.06736969872863036	0.8911522526160965	0.04147804865527311
11481	0.25441034420596176	0.694671305883848	0.05091834991019032
11482	0.31320704790459314	0.6372268594369445	0.04956609265846249
11483	0.09360587245808158	0.7344063985697802	0.1719877289721383
11484	0.1461200180154954	0.8304287893628061	0.023451192621698553
11485	0.06875044086417507	0.9267149525324291	0.004534606603395841
11486	0.17869928937300655	0.8096364251591076	0.011664285467885923
11487	0.01101480127925042	0.8171150085126653	0.1718701902080843
11488	0.020998398156767604	0.857911493463156	0.12109010838007632
11489	0.253755635986536	0.714673350052103	0.03157101396136099
11490	0.10074716335837672	0.47023617028256204	0.4290166663590612
11491	0.14891961858319355	0.6767062056820266	0.17437417573477998
11492	0.08973457797696813	0.855805062185233	0.05446035983779876
11493	0.1613774108529896	0.7615344701234468	0.0770881190235635
11494	0.01960571487187557	0.8644370514887595	0.11595723363936486
11495	0.05634323933707474	0.8373209085569493	0.106335852105976
11496	0.008305780486350903	0.9431576455896499	0.04853657392399909
11497	0.15786699355154873	0.7568549193535714	0.08527808709487986
11498	0.008978918882560577	0.0541896607337425	0.9368314203836968
11499	0.024861685331583085	0.06860616777944342	0.9065321468889734
11500	0.2274809040117974	0.685893534929346	0.0866255610588565
11501	0.09446589370922828	0.8508142737632777	0.05471983252749409
11502	0.08092106405057788	0.7486111222956275	0.17046781365379457
11503	0.0048482073070770905	0.8532359251498551	0.14191586754306784
11504	0.5629057868905183	0.3298764502321199	0.10721776287736173
11505	0.08889385815487362	0.8796247904866408	0.031481351358485496
11506	0.05633146425426784	0.8262364014071245	0.11743213433860766
11507	0.04942269622133417	0.9448107764866771	0.005766527291988569
11508	0.0025967059629396056	0.9848272732276057	0.012576020809454672
11509	0.6659232230114546	0.09207630533602827	0.2420004716525173
11510	0.8485126630343552	0.035291007875964606	0.11619632908968014
11511	0.10204928082445207	0.6175494065253876	0.28040131265016033
11512	0.23115790858129595	0.47071749410755354	0.2981245973111506
11513	0.09396929892249624	0.8409819040532303	0.06504879702427348
11514	0.11081982231412019	0.6076731286879193	0.2815070489979605
11515	0.3513885342198642	0.23481429126075867	0.4137971745193771
11516	0.123442588346249	0.7937910982330745	0.08276631342067664
11517	0.08823247708027222	0.90571371035889	0.006053812560837732
11518	0.04942375128174063	0.7857713061706052	0.16480494254765427
11519	0.07604652496909915	0.7905064713723424	0.13344700365855844
11520	0.1442892210483859	0.8040466570071987	0.05166412194441552
11521	0.37375564846125947	0.5760024379538146	0.05024191358492594
11522	0.054599081891735075	0.9367894338020835	0.008611484306181423
11523	0.1333739241752152	0.8042169480981164	0.06240912772666848
11524	0.10909135344623062	0.7934234037419061	0.09748524281186322
11525	0.08031747779586751	0.5552193613010605	0.36446316090307196
11526	0.06448244569966326	0.14885604973606983	0.786661504564267
11527	0.05518580613182117	0.5480568032019617	0.39675739066621707
11528	0.12562897232120915	0.8207741416080783	0.053596886070712536
11529	0.16350779777086744	0.5102979474944165	0.3261942547347161
11530	0.05070007035125697	0.22171272467748918	0.7275872049712538
11531	0.002109213239025711	0.9934438228552969	0.004446963905677403
11532	0.11244580784674257	0.8683561148275315	0.019198077325725944
11533	0.49176345794001647	0.3050803732191185	0.20315616884086501
11534	0.21699204237422148	0.7430363374420617	0.03997162018371687
11535	0.038899297513116285	0.9108624976200184	0.050238204866865366
11536	0.05799398594544476	0.9253936057141557	0.016612408340399645
11537	0.16364513325120553	0.6501617492544126	0.18619311749438178
11538	0.02462516472453414	0.9402285259789089	0.03514630929655687
11539	0.11869700292820298	0.8125766770329523	0.06872632003884457
11540	0.15493926323192075	0.7175691448199627	0.1274915919481165
11541	0.43537950791358077	0.528513854980304	0.036106637106115204
11542	0.011916059659559984	0.7867147030072105	0.20136923733322956
11543	0.004560814598971517	0.942932199012779	0.05250698638824937
11544	0.010882890238099198	0.9791926489903763	0.009924460771524472
11545	0.11371790450412467	0.8664550472912067	0.019827048204668664
11546	0.07661317617290817	0.8798611114703209	0.04352571235677102
11547	0.047049482091139586	0.9459972506551458	0.006953267253714516
11548	0.003178175743890685	0.9936805806282405	0.0031412436278688296
11549	0.016898623695138938	0.7115920628212332	0.27150931348362783
11550	0.03372033285638143	0.9341299344597607	0.03214973268385784
11551	0.011365210746899787	0.9728453015979946	0.015789487655105478
11552	0.047770220792027064	0.9477606626434966	0.004469116564476361
11553	0.12185669057597752	0.790560780409049	0.08758252901497345
11554	0.09119078001318977	0.5230543861850889	0.3857548338017214
11555	0.3814002420855096	0.5364170285934201	0.0821827293210703
