40860	0.2004880469794939	0.2843894739221967	0.5151224790983094
40861	0.43809283376256025	0.4236621442995105	0.13824502193792934
40862	0.6591997900993445	0.3224256568599759	0.01837455304067953
40863	0.10543865609200813	0.6960495157553471	0.1985118281526448
40864	0.005280952513031267	0.04361485691170527	0.9511041905752634
40865	0.029793408338981867	0.8199494955333898	0.15025709612762822
40866	0.21507366341343803	0.5012030679151566	0.2837232686714054
40867	0.010809115740417674	0.8080326642342305	0.18115822002535176
40868	0.3378579217208483	0.6367441445397918	0.025397933739359904
40869	0.04869922502478255	0.4183192404865276	0.5329815344886899
40870	0.11185522238904817	0.5548231347509149	0.33332164286003685
40871	0.03227969931155348	0.9294820804309398	0.03823822025750669
40872	0.029033011441376683	0.29191939545820866	0.6790475931004147
40873	0.07810798222565227	0.8869358268637687	0.03495619091057896
40874	0.6828030358688886	0.1424631727806041	0.17473379135050732
40875	0.6871415923231736	0.28514695020330855	0.027711457473517775
40876	0.08170602930780729	0.6097195987831208	0.3085743719090719
40877	0.09216769962517245	0.7430297190304263	0.1648025813444013
40878	0.3706745456273512	0.40293040818447573	0.22639504618817308
40879	0.305190823045269	0.628346963780822	0.06646221317390909
40880	0.05501663151342728	0.2788181098898295	0.6661652585967431
40881	0.5665475706336119	0.31869869096625797	0.11475373840013009
40882	0.003823016854423254	0.4907615842358181	0.5054153989097586
40883	0.13262865865960508	0.8349982746293767	0.03237306671101817
40884	0.8451673024370251	0.11377512223251074	0.04105757533046419
40885	0.6560382416371191	0.17857840784400697	0.16538335051887387
40886	0.06606217070196317	0.7257289755426799	0.20820885375535692
40887	0.07182018105020767	0.8896900249735779	0.038489793976214555
40888	0.21697339592670883	0.6980095457850484	0.08501705828824277
40889	0.24616911689605903	0.7153944824547059	0.03843640064923498
40890	0.07413639567959898	0.3676389264373373	0.5582246778830636
40891	0.4976163819597721	0.2829724168266672	0.21941120121356075
40892	0.6142362111964317	0.37878721096444606	0.006976577839122318
40893	0.0785325905684885	0.7218353473306857	0.1996320621008258
40894	0.13195073719183675	0.8268534073580401	0.04119585545012315
40895	0.015181033448971783	0.9586410995604148	0.02617786699061344
40896	0.022592345711614215	0.9726229447303429	0.004784709558042853
40897	0.503763718422151	0.46557865987767416	0.030657621700174886
40898	0.40238246768818775	0.45046115669289577	0.14715637561891656
40899	0.5928583305146674	0.2245814090782654	0.1825602604070672
40900	0.11210869366309952	0.28752191299810437	0.600369393338796
40901	0.2935825363353385	0.5133225626221375	0.19309490104252403
40902	0.003638208060061157	0.9838600426803354	0.012501749259603432
40903	0.8198100782966417	0.15323780515860708	0.026952116544751194
40904	0.10817759732316029	0.8436355688954388	0.048186833781400894
40905	0.029586005512285213	0.9303940336085853	0.04001996087912957
40906	0.00915502863905359	0.988174663277123	0.0026703080838233286
40907	0.022098382388163005	0.1082032057316019	0.8696984118802352
40908	0.17289501608745944	0.7539115493810951	0.07319343453144533
40909	0.026295510717066282	0.13545559758090728	0.8382488917020263
40910	0.06731718286878689	0.2977417990328313	0.6349410180983818
40911	0.7080364793739713	0.2685102857236234	0.02345323490240534
40912	0.23509268272044492	0.6200661742233731	0.144841143056182
40913	0.07227988522861799	0.7616820306745544	0.16603808409682766
40914	0.01498161607924106	0.7155330292804902	0.26948535464026874
40915	0.16775828716263205	0.3538885278009117	0.47835318503645624
40916	0.13889237523639408	0.7693507256925205	0.0917568990710855
40917	0.15919712129827082	0.6729559535189441	0.16784692518278513
40918	0.4218909567922903	0.43343821609838323	0.1446708271093264
40919	0.07562284696307549	0.9131169583829828	0.011260194653941659
40920	0.09398315351436465	0.5974228822284151	0.3085939642572203
40921	0.028493041815463523	0.7277398655418926	0.24376709264264387
40922	0.23748395862070926	0.284683825734039	0.47783221564525175
40923	0.017965024117630964	0.6493218320111334	0.33271314387123574
40924	0.0033995975739596605	0.9862466099200033	0.010353792506037029
40925	0.03739693498430472	0.3539238644832675	0.6086792005324279
40926	0.02190258834202364	0.9011802791293609	0.0769171325286153
40927	0.050471055779660906	0.2084126018724383	0.7411163423479009
40928	0.20824581392381467	0.7447624103180772	0.04699177575810806
40929	0.05425482422539468	0.9308083024879358	0.014936873286669523
40930	0.10565105924470834	0.8731243653649623	0.021224575390329285
40931	0.6060088847347385	0.2048528006921989	0.18913831457306257
40932	0.710488066680478	0.23506643153379594	0.054445501785726
40933	0.011618775223510406	0.3681035835859827	0.6202776411905069
40934	0.040308944019410965	0.9476159696359455	0.012075086344643509
40935	0.20132070072383418	0.724698809669339	0.07398048960682678
40936	0.22715075243367713	0.58516215209657	0.18768709546975287
40937	0.08624483226395496	0.18849970046231024	0.7252554672737348
40938	0.0746429049017714	0.25151680401253873	0.6738402910856898
40939	0.20112520674354203	0.4937784789610033	0.3050963142954546
40940	0.06461792012423813	0.12515841146878257	0.8102236684069792
40941	0.25903615632148314	0.34205499180848326	0.39890885187003366
40942	0.5688721083927595	0.4121472142458569	0.01898067736138372
40943	0.15110631814002068	0.7985578738933083	0.05033580796667091
40944	0.07322618424581614	0.5710343001169869	0.355739515637197
40945	0.08999119872050196	0.45703529742778465	0.45297350385171326
40946	0.296778759762831	0.5562991651367714	0.14692207510039768
40947	0.11307021164067955	0.7230056091538519	0.16392417920546842
40948	0.8140040201631453	0.14787910806371715	0.038116871773137585
40949	0.06807155754817665	0.6386617938706471	0.29326664858117624
40950	0.288875125586743	0.5837481318956727	0.12737674251758438
40951	0.10832613238603139	0.7157200525656486	0.17595381504832003
40952	0.4232602258290057	0.2983922723771003	0.278347501793894
40953	0.05952344902701591	0.8911971508250207	0.04927940014796333
40954	0.11192005579577602	0.656390264622025	0.231689679582199
40955	0.09800155768991418	0.20036581847003088	0.7016326238400549
40956	0.2548308228725914	0.18696884480874779	0.5582003323186608
40957	0.015207964558852193	0.7964129631790103	0.18837907226213743
40958	0.04347933750513589	0.5476994155255622	0.40882124696930194
40959	0.09308620332527802	0.7994165864936089	0.10749721018111298
40960	0.06887365489732725	0.8998100566508629	0.031316288451809934
40961	0.030492908129937178	0.07366447243569746	0.8958426194343654
40962	0.11742871514200431	0.22578157451554387	0.6567897103424518
40963	0.29583457970646027	0.5564311623375995	0.14773425795594028
40964	0.11787010295052791	0.8042170160146896	0.07791288103478235
40965	0.09986510617280683	0.7322954250320783	0.16783946879511477
40966	0.24295431588518293	0.5824733555177705	0.17457232859704672
40967	0.0016797432038576474	0.9656427390039118	0.03267751779223054
40968	0.5559972752606733	0.38525449269715495	0.05874823204217168
40969	0.1090849528524988	0.616158696162314	0.2747563509851872
40970	0.12225392591256118	0.3941807853348089	0.48356528875262994
40971	0.01596464612644736	0.9760774620414402	0.007957891832112304
40972	0.012341111483287452	0.9721221515080994	0.015536737008613164
40973	0.20704978320388842	0.4145417083805643	0.37840850841554724
40974	0.014928731531245812	0.9669528092105042	0.01811845925825006
40975	0.2381481722044443	0.642776141287234	0.1190756865083217
40976	0.3345954905827093	0.3701947219032331	0.29520978751405763
40977	0.05046592529902126	0.3371938825383107	0.6123401921626679
40978	0.2047467969879175	0.6285840462019385	0.166669156810144
40979	0.31127670839422544	0.3435583369560336	0.34516495464974095
40980	0.3869211895789483	0.38164795568185994	0.23143085473919175
40981	0.18569592432345247	0.7988925264238208	0.015411549252726678
40982	0.003921408223599753	0.9932526725134357	0.0028259192629644515
40983	0.048747163882037085	0.8655619025721728	0.08569093354579012
40984	0.021619079230374025	0.13770329927564898	0.840677621493977
40985	0.2502248140023573	0.6014039042265844	0.14837128177105835
40986	0.0876339408438223	0.7016710411434282	0.21069501801274942
40987	0.13715265671210905	0.7630267674661058	0.09982057582178526
40988	0.05671154938634819	0.19315890424387452	0.7501295463697772
40989	0.22435924441065141	0.7681440818543046	0.0074966737350439655
40990	0.019078007741252002	0.4241974204781795	0.5567245717805686
40991	0.007055940815701233	0.6324491546816168	0.3604949045026819
40992	0.11005481768215299	0.650333059374366	0.23961212294348094
40993	0.16564451825967366	0.3825367981411387	0.45181868359918764
40994	0.0017215407078487112	0.05871071364289387	0.9395677456492574
40995	0.7004783609083727	0.12006147766261856	0.1794601614290088
40996	0.41592283997472496	0.40687926996664686	0.1771978900586281
40997	0.32047800060510595	0.6299779553206457	0.0495440440742484
40998	0.5319308491147091	0.4362415219683492	0.03182762891694177
40999	0.13173071631305575	0.47123521488842407	0.3970340687985201
41000	0.12249566517715181	0.5725109088807384	0.3049934259421098
41001	0.07504432910411361	0.9126500833212239	0.012305587574662477
41002	0.3147028461673532	0.5228278593388533	0.16246929449379333
41003	0.15532599865001967	0.6847912830328183	0.15988271831716203
41004	0.019819163858010004	0.10117130851424322	0.8790095276277469
41005	0.036976670296912435	0.8799059309709852	0.08311739873210246
41006	0.37159965417076757	0.5908187872669912	0.03758155856224124
41007	0.5000967667340531	0.461294777450526	0.03860845581542096
41008	0.03219348657835246	0.8666214769364864	0.1011850364851612
41009	0.01933376346792891	0.25887184828523113	0.72179438824684
41010	0.3261680618151883	0.4807147202549723	0.19311721792983944
41011	0.11385581608966709	0.6965384358757309	0.1896057480346019
41012	0.30484058082745275	0.4386347988086496	0.25652462036389756
41013	0.02494161699183839	0.17831107669545623	0.7967473063127054
41014	0.16022969417707222	0.39499730950401124	0.4447729963189166
41015	0.13151288002415076	0.5531074031618471	0.315379716814002
41016	0.29476170339099933	0.6288881061478073	0.07635019046119344
41017	0.3712427682468122	0.04710172078561016	0.5816555109675776
41018	0.5926164277412306	0.04536885242591539	0.362014719832854
41019	0.023007317156449384	0.7004353927216862	0.2765572901218644
41020	0.13601559885647585	0.6520125105914774	0.21197189055204685
41021	0.00655732771182861	0.03417004297108873	0.9592726293170827
41022	0.3003185184743857	0.6460533235861128	0.053628157939501514
41023	0.27888188248469536	0.35958942291608426	0.3615286945992203
41024	0.034264609036603146	0.017218412716931263	0.9485169782464655
41025	0.39832550644313763	0.5149448739456762	0.08672961961118615
41026	0.06739600867139835	0.7664537530209982	0.16615023830760345
41027	0.020292037559929102	0.2658537468123106	0.7138542156277603
41028	0.014633807698975739	0.017493691114437847	0.9678725011865865
41029	0.08136006593756971	0.06895239274662246	0.8496875413158078
41030	0.5988123018591511	0.37824338204850155	0.022944316092347376
41031	0.187010688798182	0.459852566455759	0.353136744746059
41032	0.1114691443927647	0.6982829464813504	0.19024790912588496
41033	0.05483525604149319	0.2894477786743149	0.6557169652841919
41034	0.08770232322941961	0.3827757673216286	0.5295219094489518
41035	0.25688577924332967	0.6413503367544372	0.10176388400223313
41036	0.14396650063486963	0.5420365549893309	0.3139969443757994
41037	0.02859037229545206	0.9591320289185132	0.01227759878603469
41038	0.108809080690329	0.6969988465305972	0.1941920727790737
41039	0.07398019496306457	0.8332806321320273	0.09273917290490825
41040	0.043498186352714276	0.7466514775045158	0.20985033614276993
41041	0.05902919153080406	0.1941036359810746	0.7468671724881214
41042	0.11822099121122932	0.861462249553718	0.02031675923505271
41043	0.05190436937815053	0.6758192743283983	0.27227635629345126
41044	0.07426632129817098	0.8304066184407914	0.09532706026103765
41045	0.34878707474271475	0.477516264077948	0.1736966611793372
41046	0.6044032559076886	0.24854308867995684	0.14705365541235446
41047	0.48988611162293044	0.459766499638418	0.05034738873865168
41048	0.5274475157658954	0.32943327612676154	0.143119208107343
41049	0.267629624405317	0.42535857778692887	0.307011797807754
41050	0.13464273894606532	0.33490628021759655	0.5304509808363381
41051	0.5440778541984034	0.41016273406410986	0.04575941173748682
41052	0.08451649455640499	0.8986684402955178	0.016815065148077086
41053	0.10210991636387212	0.8512203742960261	0.04666970934010184
41054	0.347753374868681	0.6337691819262825	0.018477443205036515
41055	0.20754788480306982	0.1979628847221477	0.5944892304747825
41056	0.04579759194934991	0.8528242558844904	0.10137815216615971
41057	0.16385197415743577	0.7426608856317674	0.09348714021079679
41058	0.21659293691758563	0.5682783885157969	0.21512867456661744
41059	0.08768423881619808	0.4464295099049174	0.46588625127888456
41060	0.40279542967928317	0.5442054672863536	0.05299910303436339
41061	0.07005916869098497	0.153323939036742	0.7766168922722732
41062	0.09875373822120458	0.2087105737630863	0.6925356880157091
41063	0.3028336335749816	0.4363384588591317	0.2608279075658866
41064	0.08408747255305693	0.8578045095774829	0.058108017869460196
41065	0.008946445515963289	0.15880170802101964	0.8322518464630172
41066	0.19927983116244433	0.7531105432683731	0.047609625569182586
41067	0.08758826988645523	0.4865926228970224	0.42581910721652244
41068	0.18571650721393904	0.703393835790435	0.11088965699562597
41069	0.7482984600963539	0.2477567277097111	0.003944812193934773
41070	0.058113773374515544	0.26544099275923877	0.6764452338662457
41071	0.18038843952101336	0.5617280324451016	0.25788352803388503
41072	0.4795460729699625	0.48774347088605735	0.03271045614398007
41073	0.039323442919300095	0.894352920516515	0.0663236365641849
41074	0.4582029351966778	0.5230575944531762	0.01873947035014585
41075	0.28104647668672944	0.7149091468092584	0.004044376504012147
41076	0.17357227295064492	0.5791709806233053	0.24725674642604983
41077	0.3806933973897457	0.5798174145115659	0.03948918809868843
41078	0.03144826139470958	0.651572652509806	0.3169790860954844
41079	0.4098121611018334	0.4731467705006035	0.11704106839756329
41080	0.07231454261873314	0.8832372638838235	0.044448193497443285
41081	0.7354399853019283	0.043412162111740385	0.22114785258633135
41082	0.9056101441116642	0.04254616372010064	0.051843692168235186
41083	0.22077815920341934	0.7332272808891829	0.045994559907397856
41084	0.624067316852624	0.3351690237594326	0.040763659387943414
41085	0.4575389863531188	0.45222469565136847	0.0902363179955126
41086	0.4783472975327471	0.46399950547024726	0.05765319699700575
41087	0.022175904694589833	0.3742909014151716	0.6035331938902385
41088	0.126308657444448	0.43540530584992043	0.43828603670563165
41089	0.031908929011996226	0.743313486961026	0.22477758402697778
41090	0.17117134426612787	0.7406906388422289	0.08813801689164333
41091	0.06895559124681101	0.39849731151899537	0.5325470972341936
41092	0.15324673032559488	0.2864376649984317	0.5603156046759734
41093	0.17503227757533343	0.5905154436616231	0.23445227876304348
41094	0.3893599407345694	0.4197794377855767	0.19086062147985378
41095	0.03891728536183333	0.9361461936444847	0.02493652099368202
41096	0.15737588332571611	0.4747389165088704	0.3678852001654134
41097	0.0365186749276458	0.9528350051066145	0.010646319965739809
41098	0.4257010275275982	0.2691353436326745	0.3051636288397274
41099	0.037595726826645054	0.8619032555919188	0.10050101758143606
41100	0.12859381379819776	0.5080623495524053	0.36334383664939707
41101	0.0844675929879311	0.3623610565832372	0.5531713504288317
41102	0.012365055123553573	0.9673751455354309	0.02025979934101545
41103	0.046853648867654155	0.9092987670585995	0.0438475840737463
41104	0.03897078801478576	0.9515903344124624	0.0094388775727517
41105	0.1577236518729706	0.5973487082464624	0.244927639880567
41106	0.06744133083334922	0.9112965870626745	0.021262082103976378
41107	0.3715272900728996	0.46187004388290415	0.16660266604419627
41108	0.01801422419847104	0.06149848638165693	0.920487289419872
41109	0.01543483834566768	0.9707082796578308	0.013856881996501511
41110	0.8853050619626163	0.09709066840093207	0.017604269636451654
41111	0.042478019522531614	0.942762962687441	0.01475901779002733
41112	0.10752847596414422	0.8753163370005489	0.01715518703530681
41113	0.1319338745584056	0.7570919539306001	0.11097417151099416
41114	0.48033384446430566	0.42881306593697793	0.09085308959871655
41115	0.6370621617663678	0.21625524224356116	0.14668259599007102
41116	0.018971024565588877	0.7851844545032048	0.19584452093120625
41117	0.04877953336483787	0.1826432760236213	0.7685771906115407
41118	0.10140148080200767	0.8591696422471148	0.03942887695087746
41119	0.09174241397581026	0.24592108776643423	0.6623364982577555
41120	0.14582577798503582	0.4818055062276018	0.37236871578736236
41121	0.12097968871546999	0.6377519621047599	0.24126834917977
41122	0.8935029497104416	0.045982662280439256	0.06051438800911924
41123	0.1761732499677533	0.14409890003804152	0.6797278499942052
41124	0.046002814603673774	0.29082965673122535	0.6631675286651009
41125	0.021130752770436745	0.8497040307363454	0.1291652164932179
41126	0.06589462697358102	0.5642297265495567	0.3698756464768623
41127	0.13285514829259631	0.77555540032531	0.09158945138209368
41128	0.07779191191746401	0.8659421645106494	0.05626592357188671
41129	0.07913902328293611	0.8377094847567838	0.08315149196028021
41130	0.03889426376004998	0.17540538010177625	0.7857003561381737
41131	0.3278734831828619	0.6420291079998727	0.030097408817265345
41132	0.017905084439713122	0.5189258368383292	0.46316907872195767
41133	0.12088090436063306	0.8411416766286238	0.03797741901074309
41134	0.3994133270870536	0.22404776439817647	0.3765389085147699
41135	0.10802980345316147	0.5155246573992602	0.3764455391475784
41136	0.12405568674808495	0.712222676473193	0.16372163677872198
41137	0.25781453783667513	0.4679194459328725	0.27426601623045244
41138	0.10845641157899094	0.6198482072825139	0.2716953811384951
41139	0.09728100892868767	0.35454952256329336	0.5481694685080188
41140	0.3022524366700081	0.41716255302445354	0.28058501030553834
41141	0.09867410216287935	0.15630993640893498	0.7450159614281857
41142	0.7052790827340635	0.08675505013892107	0.20796586712701545
41143	0.16756898200211848	0.804100292038782	0.028330725959099516
41144	0.19301279963936446	0.8049086738692899	0.002078526491345643
41145	0.09230485706504554	0.5012519161235649	0.4064432268113896
41146	0.13876728903913435	0.6762250997538619	0.18500761120700382
41147	0.06828738360684494	0.755308920458311	0.1764036959348441
41148	0.17787530450639455	0.5189787796616991	0.3031459158319063
41149	0.12280769913144472	0.8649860870943037	0.012206213774251497
41150	0.8459014177157709	0.09594818297165952	0.05815039931256954
41151	0.187082371475312	0.7637513686432866	0.04916625988140134
41152	0.022579882283714284	0.05429293428254805	0.9231271834337378
41153	0.1561674802572719	0.595745269516227	0.2480872502265012
41154	0.5140314709350036	0.35920721676305073	0.12676131230194584
41155	0.07735092314281777	0.44946402622346093	0.47318505063372135
41156	0.027262802390002165	0.02711429451600619	0.9456229030939917
41157	0.1751140232396429	0.6324706192826692	0.192415357477688
41158	0.12189165774358375	0.4697355357836209	0.4083728064727954
41159	0.21104969187624106	0.6250354079603202	0.16391490016343874
41160	0.2367777156195405	0.626337023064032	0.13688526131642734
41161	0.05415953847417259	0.41357947908281584	0.5322609824430116
41162	0.1050275420230282	0.6277650436469584	0.26720741433001344
41163	0.0223403225908692	0.2985352437405416	0.6791244336685892
41164	0.07223405796130333	0.6580769221758496	0.2696890198628471
41165	0.07874018350105726	0.1777183129822565	0.7435415035166862
41166	0.2703797533327661	0.41604317805308466	0.3135770686141492
41167	0.16391524490353793	0.7916281871288365	0.04445656796762556
41168	0.8626019012404778	0.1231492033701005	0.014248895389421725
41169	0.23745891834085595	0.6288636199620595	0.1336774616970845
41170	0.19266025866491915	0.7840218329729961	0.023317908362084767
41171	0.08220485043725324	0.8364871861086094	0.0813079634541374
41172	0.0031989319409866336	0.9719112142189433	0.024889853840069972
41173	0.693960838616452	0.26759389218977875	0.03844526919376936
41174	0.2762271845652224	0.3806211407194083	0.3431516747153692
41175	0.4350389941513501	0.3896686594781962	0.1752923463704537
41176	0.03238857162836616	0.8381936263648975	0.1294178020067363
41177	0.07849376669934943	0.144461723094164	0.7770445102064866
41178	0.811342654930016	0.09742637249321123	0.09123097257677268
41179	0.12293512176469415	0.05555667641321096	0.8215082018220949
41180	0.19106139708134115	0.6160949622630911	0.19284364065556775
41181	0.08493773692481614	0.735983270090558	0.1790789929846258
41182	0.1395413432571843	0.82432530963623	0.03613334710658567
41183	0.04321527230898129	0.06550005853045733	0.8912846691605613
41184	0.005909420218648154	0.9592550746079833	0.034835505173368524
41185	0.5095949734070567	0.24316172658350918	0.24724330000943412
41186	0.9108614889576192	0.0635268661336556	0.02561164490872524
41187	0.03227970403925102	0.2863658046394044	0.6813544913213445
41188	0.20879067532047813	0.6735943941822187	0.11761493049730319
41189	0.016461703789633436	0.943161480138501	0.04037681607186565
41190	0.0157067309553131	0.9487670455008264	0.03552622354386049
41191	0.1405348079696526	0.5656311523580182	0.29383403967232924
41192	0.08548373661490649	0.6098756073632352	0.30464065602185825
41193	0.5104477985962026	0.44721052086873314	0.042341680535064284
41194	0.6612750032282186	0.1635427081155435	0.17518228865623783
41195	0.3191140774759824	0.486508913670549	0.19437700885346856
41196	0.19702599683262015	0.42394722132055884	0.37902678184682104
41197	0.07296459990311296	0.6322358771921416	0.2947995229047454
41198	0.09762399355668305	0.38884220410361076	0.5135338023397061
41199	0.017841200564862502	0.25097347975775464	0.7311853196773829
41200	0.00368397703808145	0.015983636076858505	0.9803323868850601
41201	0.027292119672767838	0.08072804093094708	0.8919798393962851
41202	0.014923936664302794	0.012021661897096227	0.973054401438601
41203	0.07115409735561061	0.045617972240080094	0.8832279304043092
41204	0.6900336848807939	0.27394898364533754	0.03601733147386853
41205	0.24127440188199387	0.35959090263929794	0.3991346954787081
41206	0.05040158460415461	0.6965743584693218	0.25302405692652363
41207	0.2962646103670272	0.5912835026832816	0.11245188694969117
41208	0.1366119444226712	0.7959183065359355	0.06746974904139333
41209	0.09331992255216362	0.6351340091238395	0.27154606832399686
41210	0.03888110870914505	0.06131607400276315	0.8998028172880919
41211	0.07419654185050911	0.254479532857355	0.6713239252921359
41212	0.7585863048221354	0.15963461522390063	0.08177907995396384
41213	0.06623506841957819	0.20250531136476177	0.73125962021566
41214	0.22520828420529163	0.469419654359717	0.30537206143499135
41215	0.030499797136747497	0.7476476858196958	0.22185251704355685
41216	0.7290269265540429	0.23491375909099943	0.03605931435495768
41217	0.101590479193372	0.8420808653474855	0.05632865545914245
41218	0.3418075820863062	0.5203651419034804	0.1378272760102134
41219	0.01931643902139976	0.45412634283834236	0.5265572181402579
41220	0.41518057097683836	0.3735216117668698	0.21129781725629188
41221	0.0251804876263521	0.7522176384172595	0.2226018739563884
41222	0.0466105435863134	0.9347096938727166	0.01867976254096987
41223	0.11892866070552133	0.8703668338250722	0.010704505469406453
41224	0.06533763210043751	0.3988464558610586	0.5358159120385039
41225	0.013033494373233515	0.11670104276281638	0.8702654628639501
41226	0.09671382636439874	0.10524620552800201	0.7980399681075994
41227	0.2513170139248903	0.6470510601709265	0.10163192590418312
41228	0.19393880357061602	0.7365018898565427	0.06955930657284125
41229	0.06274398198246021	0.8306031320562423	0.10665288596129756
41230	0.9674390263764171	0.006224673733065455	0.026336299890517424
41231	0.6841921414565781	0.20277792429683272	0.11302993424658914
41232	0.014331761690632723	0.02503686487164539	0.960631373437722
41233	0.15029683488285003	0.6405571794557653	0.20914598566138473
41234	0.24898517598108333	0.6616762674852313	0.08933855653368533
41235	0.24727784871398453	0.6965745457773378	0.056147605508677687
41236	0.19057045808617892	0.7680734327268282	0.041356109186992805
41237	0.05879540418975569	0.9288905243416414	0.012314071468602816
41238	0.6591997900993445	0.3224256568599759	0.01837455304067953
41239	0.09986239130143204	0.17433853519682405	0.7257990735017438
41240	0.8572910676549239	0.12599859658074058	0.01671033576433553
41241	0.36336077059667493	0.2639739765908699	0.3726652528124552
41242	0.5643427372047262	0.4157571291920602	0.019900133603213695
41243	0.4945590057329415	0.46851699082805537	0.0369240034390031
41244	0.5446650645545031	0.42346848219883865	0.03186645324665812
41245	0.015139151483850501	0.8900571618135429	0.09480368670260667
41246	0.2976981096997285	0.6199485735787046	0.0823533167215669
41247	0.01057258688413558	0.08989990667374938	0.8995275064421151
41248	0.04172711005488928	0.28239125016673017	0.6758816397783806
41249	0.028644815259969474	0.8032573341952272	0.16809785054480342
41250	0.5999007521365871	0.15220971176981477	0.247889536093598
41251	0.07245839418494057	0.6553812149590373	0.27216039085602206
41252	0.07967453482477284	0.24642735149726644	0.6738981136779607
41253	0.24111331540623956	0.5084158085910809	0.25047087600267953
41254	0.05661440361692627	0.89187004363185	0.051515552751223714
41255	0.11303206643979365	0.8759510782187874	0.011016855341418918
41256	0.02713709904680514	0.6017599881697508	0.37110291278344393
41257	0.002283806264746657	0.9966242342283252	0.001091959506928047
41258	0.043662679333701646	0.9242283126046834	0.032109008061614985
41259	0.01694824621716131	0.25849430643642973	0.7245574473464088
41260	0.03164370076872085	0.23535441566857057	0.7330018835627086
41261	0.11216258883844868	0.5687371335600966	0.3191002776014547
41262	0.3915034335385283	0.326621703562123	0.2818748628993487
41263	0.19187286282548027	0.7366297208078828	0.07149741636663695
41264	0.03155390708905518	0.37163142517626796	0.5968146677346768
41265	0.08808649357935017	0.7072893019651506	0.20462420445549925
41266	0.013386693652489715	0.9442835330665179	0.04232977328099244
41267	0.13529186012354283	0.16929112028964213	0.695417019586815
41268	0.029629710215176484	0.942775988835791	0.02759430094903264
41269	0.033760527338665754	0.7480041648786107	0.21823530778272354
41270	0.04384411814808827	0.2083243946645794	0.7478314871873323
41271	0.06997394284543954	0.7031659217792973	0.2268601353752632
41272	0.1250040384127647	0.5294112278618378	0.3455847337253975
41273	0.019163197241596788	0.8813786259442649	0.09945817681413847
41274	0.11510572851620038	0.7658946002863394	0.11899967119746016
41275	0.1535890038695632	0.7279327973859274	0.11847819874450939
41276	0.13038064028110277	0.8328472201482878	0.03677213957060937
41277	0.043543786605493184	0.9161265791381515	0.04032963425635521
41278	0.06679829160330279	0.46314976159524535	0.47005194680145185
41279	0.06817918034157835	0.49958334201935967	0.432237477639062
41280	0.29058761274805434	0.578758183348699	0.1306542039032467
41281	0.07518182682538853	0.7895463459567761	0.13527182721783526
41282	0.0984631381711066	0.8692836909159104	0.03225317091298297
41283	0.2797362333863898	0.7137118281576897	0.006551938455920444
41284	0.07293348220999027	0.13568307610261895	0.7913834416873908
41285	0.07195686977138423	0.2239573256015261	0.7040858046270898
41286	0.2357255817006742	0.7159421877103641	0.04833223058896156
41287	0.13642177041009046	0.8072224565335282	0.05635577305638131
41288	0.08276445803988443	0.8575595243319806	0.059676017628134945
41289	0.07756029325439147	0.26323062065535374	0.6592090860902547
41290	0.6932856309958826	0.22883236446867078	0.07788200453544662
41291	0.0027042226261581215	0.05030684447150568	0.9469889329023361
41292	0.13595526433400856	0.20633735300933526	0.6577073826566562
41293	0.06450836776600431	0.31174428956670025	0.6237473426672954
41294	0.1824079165412986	0.6009725212597027	0.21661956219899867
41295	0.11095874454257333	0.7983774696733367	0.0906637857840899
41296	0.1956621588661484	0.3127799929377608	0.4915578481960908
41297	0.5397916771844179	0.2704590915053397	0.18974923131024235
41298	0.47977561117261264	0.3570545192744374	0.16316986955295007
41299	0.02936304380738163	0.9611314594308116	0.009505496761806714
41300	0.03993243086887861	0.6799883885471596	0.28007918058396186
41301	0.03150374906454207	0.307134146459732	0.661362104475726
41302	0.03528189068774997	0.9608618145708245	0.0038562947414256007
41303	0.7680115852828153	0.18619323192937698	0.04579518278780782
41304	0.13662255437944784	0.7228857154590735	0.14049173016147873
41305	0.11806692851508971	0.6708376356102397	0.2110954358746706
41306	0.17286231245593853	0.35333023459087526	0.47380745295318616
41307	0.007513863279890312	0.9886531271290161	0.0038330095910936667
41308	0.06969925201531839	0.7570476180729996	0.1732531299116821
41309	0.18555551228710496	0.5309061160526829	0.2835383716602122
41310	0.1003652991096385	0.8099583002147421	0.08967640067561934
41311	0.2653674963585138	0.5397955042162077	0.19483699942527855
41312	0.006532779009913224	0.8143418457854545	0.17912537520463234
41313	0.06216383105477872	0.8454355168950233	0.092400652050198
41314	0.3044216216302753	0.4086498750289555	0.28692850334076925
41315	0.06052846961547767	0.8832570861141616	0.05621444427036077
41316	0.07360700168832815	0.9203566993537644	0.006036298957907494
41317	0.37411512933741564	0.6112062335046089	0.014678637157975502
41318	0.18116193002298422	0.417687417635249	0.40115065234176667
41319	0.2344539011387715	0.39956770665095037	0.36597839221027806
41320	0.04522974159381517	0.17034396844094418	0.7844262899652407
41321	0.14882324358022886	0.7797016046342331	0.07147515178553801
41322	0.13382871098975027	0.7535953823638344	0.11257590664641538
41323	0.0709533648671022	0.2728662107660973	0.6561804243668005
41324	0.0036112790686431634	0.019938331386349692	0.9764503895450072
41325	0.06339689407283945	0.8358504208705738	0.10075268505658665
41326	0.07479685634506227	0.3235538195678916	0.6016493240870462
41327	0.23249817084800078	0.673182636500069	0.09431919265193017
41328	0.40358640364514525	0.4213793912499935	0.17503420510486126
41329	0.6370603743219617	0.34355729384407113	0.0193823318339671
41330	0.025785009777220688	0.3809078069987223	0.5933071832240571
41331	0.07195691122196057	0.7246921627279629	0.2033509260500765
41332	0.02019636230013289	0.840600443878282	0.1392031938215851
41333	0.0822533573967613	0.9056416209588508	0.012105021644387997
41334	0.16164183666329243	0.6862512432488272	0.1521069200878804
41335	0.13977996550140132	0.37988101078421616	0.4803390237143826
41336	1.907690507578002e-05	0.00010716167956930732	0.999873761415355
41337	0.5727255960316225	0.30528425928401404	0.12199014468436337
41338	0.24557931697590174	0.5476486793618369	0.20677200366226137
41339	0.04467997766497718	0.7002933854190997	0.2550266369159231
41340	0.15671998928516567	0.7935562921793363	0.04972371853549806
41341	0.3056333859377998	0.6292973263926007	0.06506928766959962
41342	0.05756945814169772	0.8816213139132745	0.0608092279450279
41343	0.4032794970870637	0.5809093490116168	0.015811153901319406
41344	0.08002727556367954	0.16130585140010173	0.7586668730362187
41345	0.045456808164688514	0.8376119781955647	0.11693121363974691
41346	0.05793454973073999	0.732289009737676	0.20977644053158404
41347	0.06469741629145256	0.6183211943030582	0.3169813894054892
41348	0.794055242282855	0.1410071777312415	0.06493757998590341
41349	0.08211292339426118	0.8717881826972905	0.04609889390844827
41350	0.4118048785444547	0.028408482447250527	0.5597866390082947
41351	0.76121079118454	0.04179424021677668	0.19699496859868332
41352	0.029241599146446265	0.4025103131919507	0.568248087661603
41353	0.16280918553323123	0.8297362049762204	0.007454609490548374
41354	0.020822290257886136	0.9127424071423211	0.06643530259979273
41355	0.018492574983242756	0.8985988407602508	0.08290858425650657
41356	0.023634322513566182	0.1696489411029107	0.806716736383523
41357	0.18638807473350943	0.24332926819357548	0.5702826570729151
41358	0.04642933183531392	0.22057813394115292	0.7329925342235332
41359	0.18623844636429257	0.7438295828410264	0.06993197079468111
41360	0.06969419586182561	0.9095012550388323	0.020804549099342203
41361	0.06530710882225364	0.13822122432118303	0.7964716668565633
41362	0.244633059492561	0.5152400034724411	0.24012693703499782
41363	0.00021436001496963716	0.00025777993969309225	0.9995278600453373
41364	0.1460746107444174	0.8364684231949333	0.01745696606064926
41365	0.2667760739644642	0.6515428206829951	0.08168110535254078
41366	0.07830993924437822	0.7167382224871944	0.20495183826842736
41367	0.1122099601837802	0.7865876209495865	0.10120241886663338
41368	0.1735471345427668	0.6797411900445308	0.1467116754127023
41369	0.06820073043249254	0.8285099052790276	0.10328936428847996
41370	0.6508528464658629	0.2615009649658949	0.08764618856824218
41371	0.0348255691609378	0.1337884553743442	0.8313859754647182
41372	0.08958699282670976	0.283265155085593	0.6271478520876972
41373	0.002614734667755948	0.43744803768996315	0.5599372276422808
41374	0.09725995149598281	0.25346537842054245	0.6492746700834746
41375	0.106907472337877	0.3865980572593523	0.5064944704027707
41376	0.06015447005581027	0.9168475946588706	0.022997935285319224
41377	0.2881254576864252	0.6783243542346828	0.03355018807889202
41378	0.15711550339777144	0.7479455548679802	0.09493894173424827
41379	0.03451051032146113	0.8307076866501302	0.13478180302840864
41380	0.21543200045706073	0.41238128216858105	0.37218671737435827
41381	0.42183278417298853	0.26375284683243344	0.31441436899457803
41382	0.09446710649684521	0.4212689923992378	0.48426390110391687
41383	0.021269589536544998	0.6706303943471323	0.30810001611632265
41384	0.10772207652366192	0.5045192861002659	0.38775863737607225
41385	0.7325625572204977	0.15597635447017041	0.11146108830933196
41386	0.11033392521506258	0.44597528596492425	0.4436907888200131
41387	0.37447476884123393	0.5240550325553921	0.10147019860337404
41388	0.1556766520620912	0.6825799767238028	0.16174337121410598
41389	0.45291412940675824	0.3803324083779007	0.16675346221534104
41390	0.03946429381392021	0.6783430908614879	0.28219261532459183
41391	0.21090082298817822	0.7484791334009165	0.04062004361090521
41392	0.2506128860819125	0.4078016744906194	0.341585439427468
41393	0.24782330750300124	0.5245200601529982	0.2276566323440005
41394	0.17480661255049423	0.7408993983720435	0.08429398907746212
41395	0.02763045613421756	0.4194991218733583	0.5528704219924242
41396	0.09432626451951338	0.5132748573972654	0.3923988780832212
41397	0.04313564119795698	0.9443423239478704	0.012522034854172446
41398	0.26003149461463854	0.4992227212459263	0.24074578413943512
41399	0.7302849242476956	0.24233810015110432	0.027376975601199973
41400	0.0794244708402185	0.8275833931428057	0.0929921360169758
41401	0.1101593622567124	0.42283992946159044	0.4670007082816972
41402	0.029069949491609615	0.8624548713836148	0.10847517912477558
41403	0.4134289088663475	0.3570636085100354	0.22950748262361712
41404	0.38172730884264805	0.5486315580650326	0.0696411330923195
41405	0.14861384683012072	0.8382679351236391	0.013118218046240184
41406	0.0696305012534256	0.27709291327653784	0.6532765854700366
41407	0.018491370604223813	0.11669267050946326	0.864815958886313
41408	0.20722621583209216	0.19476291676777635	0.5980108674001315
41409	0.1430231965184116	0.6540078394480715	0.2029689640335169
41410	0.07793620809441476	0.8114418915620261	0.1106219003435592
41411	0.06091561163754403	0.8793663873666504	0.05971800099580545
41412	0.11243593422831369	0.29079496302104246	0.5967691027506439
41413	0.09387038856986683	0.7283501676880497	0.17777944374208346
41414	0.12628343418192386	0.4163226108722907	0.45739395494578533
41415	0.4494166677965683	0.4455422189804229	0.10504111322300881
41416	0.36086178253750156	0.46131748304119324	0.1778207344213051
41417	0.23182889074573396	0.4506503828459212	0.3175207264083449
41418	0.8638776301160624	0.12193351097954334	0.014188858904394294
41419	0.13995497497590817	0.46590276634202593	0.3941422586820659
41420	0.11813254068492011	0.823761626086356	0.0581058332287239
41421	0.026808113125830455	0.8004822495494798	0.17270963732468975
41422	0.2996663944736072	0.30988629770603426	0.3904473078203586
41423	0.5895833207775527	0.22179503466822162	0.18862164455422561
41424	0.0818577002404603	0.19363175275243333	0.7245105470071064
41425	0.1990488399780736	0.7620609042987857	0.03889025572314073
41426	0.2555891056623622	0.7253500914018057	0.01906080293583203
41427	0.06708137184642135	0.6076134224467477	0.32530520570683097
41428	0.016220848035547384	0.9303139928968311	0.053465159067621476
41429	0.05021016682298515	0.9445917884128593	0.0051980447641555485
41430	0.34646851725009087	0.6316295611271951	0.021901921622713937
41431	0.00595883034623256	0.9453430484332599	0.0486981212205076
41432	0.19015201574079899	0.8022919926485249	0.007555991610676037
41433	0.02777406697717836	0.03265978436250578	0.9395661486603158
41434	0.41531385539327265	0.5092090077559801	0.07547713685074732
41435	0.4918902911902919	0.49703807225134294	0.011071636558365208
41436	0.013607055044317019	0.052413055389941954	0.9339798895657411
41437	0.08294491845269682	0.21781791598722433	0.6992371655600789
41438	0.3877193327739386	0.5570243870359862	0.05525628019007519
41439	0.08360714223957401	0.1878112277093855	0.7285816300510404
41440	0.2776435483951362	0.42520096059343215	0.29715549101143157
41441	0.4062055070699731	0.575045062328822	0.018749430601204844
41442	0.009690711778131716	0.3749363789405787	0.6153729092812896
41443	0.4588957205959285	0.4764482089634196	0.06465607044065193
41444	0.22899907801180244	0.3414840855810157	0.42951683640718186
41445	0.0040565762770002215	0.9880819334680837	0.007861490254916132
41446	0.7972342833667323	0.17010470856313814	0.032661008070129637
41447	0.044498907979269274	0.8074982064794113	0.14800288554131946
41448	0.118938117928836	0.848547389388577	0.032514492682587104
41449	0.19643739733731652	0.6318218480475268	0.17174075461515662
41450	0.17603155937064124	0.6824458253541947	0.141522615275164
41451	0.3729687788071589	0.37149585563700194	0.25553536555583917
41452	0.1560895364014564	0.4446691505254675	0.39924131307307603
41453	0.22563635837977702	0.6460374758199392	0.12832616580028375
41454	0.3861047641877062	0.4515812157206079	0.16231402009168586
41455	0.23572082852964127	0.48471237398364414	0.27956679748671465
41456	0.629088027506633	0.3552456245098524	0.015666347983514694
41457	0.014541455578347724	0.9796584543297906	0.005800090091861604
41458	0.03374023211166057	0.1517545554879051	0.8145052124004344
41459	0.17338708940713088	0.8036735372687276	0.022939373324141574
41460	0.5810259884345983	0.3145056830720074	0.10446832849339428
41461	0.6428335038515938	0.23410846026558327	0.12305803588282299
41462	0.1216658786296676	0.7551327480478078	0.12320137332252465
41463	0.07173307788662533	0.17800027011285832	0.7502666520005163
41464	0.3350584669417749	0.46866421797520913	0.19627731508301607
41465	0.2990211061664037	0.5264198759831169	0.17455901785047936
41466	0.14138784971944318	0.7781359249892648	0.08047622529129206
41467	0.044029175487213	0.9314688277128684	0.024501996799918508
41468	0.09618787486963952	0.8576282131969175	0.04618391193344299
41469	0.24757186163622527	0.6532644633858802	0.09916367497789455
41470	0.2079856245377103	0.640250988446297	0.15176338701599265
41471	0.3782848820819645	0.25961998556089	0.3620951323571454
41472	0.1306333744430791	0.3300540688364991	0.5393125567204217
41473	0.3128107046004846	0.542179817116589	0.1450094782829264
41474	0.060542383975471126	0.7272949812548384	0.21216263476969052
41475	0.15105172487606525	0.7666448354330998	0.08230343969083494
41476	0.04636366577882187	0.951988134769083	0.001648199452095079
