21257	0.486083345555154	0.3627918155251625	0.15112483891968348
21258	0.12383307365242584	0.7454230505522993	0.13074387579527494
21259	0.2126467137433687	0.006885080943302574	0.7804682053133287
21260	0.23738869419549086	0.4180041418679499	0.34460716393655927
21261	0.24415519180415454	0.007790743027111617	0.7480540651687339
21262	0.4839560570435198	0.00815426412210324	0.507889678834377
21263	0.30028351224227345	0.024184523398232072	0.6755319643594946
21264	0.023619772927818524	0.3599204229210113	0.6164598041511702
21265	0.0871345092789323	0.6189620729314911	0.2939034177895767
21266	0.09675440668361654	0.39922966686843575	0.5040159264479476
21267	0.0017503075647058758	0.49392293834443685	0.5043267540908573
21268	0.12613949672969726	0.8416312910822427	0.03222921218806009
21269	0.19036471943738248	0.7900013759251734	0.019633904637444015
21270	0.013057787784568675	0.6243481085177464	0.362594103697685
21271	0.027423896865767718	0.714703857709467	0.2578722454247654
21272	0.9132414010340015	0.08331970123158845	0.0034388977344098986
21273	0.323020200560289	0.643132500855447	0.03384729858426397
21274	0.6963142308304738	0.16284328635013742	0.14084248281938866
21275	0.71018845767544	0.25652262809034543	0.03328891423421452
21276	0.8965658457035393	0.042613041114213816	0.060821113182246964
21277	0.40486846160859713	0.4651577313945166	0.12997380699688624
21278	0.003970812730746621	0.2011422485008185	0.7948869387684349
21279	0.12170439039680224	0.84851337832944	0.02978223127375769
21280	0.4001119882615341	0.1510701463489048	0.4488178653895611
21281	0.5301430023520276	0.14724420601026653	0.3226127916377059
21282	0.6464858875334197	0.34232064916456584	0.011193463302014487
21283	0.7514609161540158	0.2423709608052496	0.0061681230407346745
21284	0.24393020469406462	0.5522933984154969	0.20377639689043855
21285	0.13676534889571446	0.061217272455192394	0.8020173786490931
21286	0.04787011774737819	0.6423320418260886	0.30979784042653324
21287	0.06116678485735977	0.7095823493138426	0.22925086582879758
21288	0.20334528199362306	0.687029810123886	0.10962490788249107
21289	0.4064505780497933	0.5290975015801159	0.06445192037009087
21290	0.39210088841972496	0.37505084301558467	0.2328482685646904
21291	0.498520741231798	0.3344161893532786	0.16706306941492333
21292	0.0815442157905106	0.08594990218079379	0.8325058820286956
21293	0.2551299346847165	0.09794248159452373	0.6469275837207596
21294	0.14752240612075523	0.028429224986538604	0.8240483688927063
21295	0.05713269278953479	0.3890697025462292	0.553797604664236
21296	0.1485926850333254	0.4624127927882634	0.3889945221784111
21297	0.013413277907727148	0.045323905401840996	0.9412628166904319
21298	0.17626166632711515	0.8053164494332842	0.018421884239600755
21299	0.313390027706714	0.666807263012409	0.019802709280877046
21300	0.3125702389849044	0.16340599506417153	0.524023765950924
21301	0.06489938064985054	0.12888895823294988	0.8062116611171996
21302	0.012641332151395766	0.4016424885566808	0.5857161792919234
21303	0.7099779731980855	0.24975091862625673	0.04027110817565785
21304	0.052663244416455354	0.18257547636691487	0.7647612792166298
21305	0.06963852702354102	0.032746414567483284	0.8976150584089756
21306	0.013539963837980973	0.6267698567325724	0.3596901794294467
21307	0.0578377335223783	0.8884853935288625	0.05367687294875934
21308	0.518162347152228	0.09908266294331318	0.3827549899044589
21309	0.09550392231724976	0.45332808631020716	0.451167991372543
21310	0.1033761781026984	0.011188804094053923	0.8854350178032477
21311	0.2009854789413669	0.017529662266097104	0.7814848587925359
21312	0.08718605018356237	0.21669064648418662	0.696123303332251
21313	0.10483925131081417	0.7724490924537879	0.12271165623539786
21314	0.6076888363428643	0.20047900266963375	0.19183216098750203
21315	0.036974963973054754	0.5574731562688164	0.4055518797581289
21316	0.0863551251731811	0.1574703028685892	0.7561745719582297
21317	0.2863510817380173	0.12227804898388095	0.5913708692781018
21318	0.1011026766052661	0.06593319689748965	0.8329641264972443
21319	0.12279148849517878	0.5432269427521577	0.33398156875266355
21320	0.004172341520559571	0.40045518913592426	0.5953724693435163
21321	0.20681909872107443	0.6005965243925542	0.19258437688637148
21322	0.2731041370432952	0.6018292597953314	0.1250666031613733
21323	0.13186886966247438	0.6569152996273014	0.21121583071022415
21324	0.15917408132743605	0.3770480245013088	0.46377789417125515
21325	0.36062987383203254	0.624106218556262	0.015263907611705462
21326	0.3771675908448752	0.09159329234524216	0.5312391168098825
21327	0.4557669190996175	0.12285579026701533	0.42137729063336715
21328	0.061091031811631835	0.6068708142116096	0.33203815397675857
21329	0.43628030405186	0.0006767372935778951	0.5630429586545622
21330	0.03316134878236362	0.3703162731816838	0.5965223780359525
21331	0.12215322000032604	0.6340041421349457	0.24384263786472823
21332	0.16452702484716777	0.7539936655768346	0.08147930957599755
21333	0.013216842492317719	0.9251571602238612	0.06162599728382107
21334	0.04604522867659871	0.2328353413041284	0.7211194300192729
21335	0.1577968867231876	0.42867065787748104	0.41353245539933126
21336	0.6774684961077331	0.3200929052765833	0.002438598615683769
21337	0.6568175776019405	0.019375521270743032	0.3238069011273166
21338	0.022151681874552544	0.9381353248859808	0.03971299323946661
21339	0.01521882239685209	0.49031828483523754	0.4944628927679102
21340	0.024939043220904823	0.55708376826581	0.41797718851328514
21341	0.09143075898319782	0.46230230621275664	0.4462669348040456
21342	0.3418156616087502	0.08479547735201828	0.5733888610392315
21343	0.016729440358879764	0.04947704770383319	0.933793511937287
21344	0.24614642534905737	0.5657679515071808	0.1880856231437618
21345	0.546831337458636	0.4022631438401062	0.05090551870125773
21346	0.18236133979699143	0.7039896051475513	0.11364905505545722
21347	0.15376480312174248	0.546386569779216	0.2998486270990416
21348	0.10485421760581225	0.5401687553288781	0.3549770270653097
21349	0.9079244494059504	0.0768883266279922	0.015187223966057511
21350	0.8916335587879	0.0984837770639842	0.009882664148115824
21351	0.0850782751198225	0.6364740229324083	0.27844770194776924
21352	0.1459708015712616	0.6560460300954389	0.19798316833329943
21353	0.47350538211321963	0.4692507963029923	0.057243821583788
21354	0.2006341125581698	0.7845350309961239	0.014830856445706395
21355	0.1327468185604503	0.8542491484730402	0.013004032966509477
21356	0.3083689041788475	0.6758481454387062	0.01578295038244646
21357	0.5122900149496755	0.3187794813304662	0.16893050371985843
21358	0.4277980482325233	0.5700095168502881	0.002192434917188545
21359	0.409025305417021	0.5889058895952215	0.0020688049877575247
21360	0.034541585351682606	0.6081575512504047	0.35730086339791267
21361	0.7824041385018795	0.05877110840780175	0.15882475309031865
21362	0.032282421725027884	0.1751683352803736	0.7925492429945985
21363	0.07718705322558082	0.2790658879290905	0.6437470588453286
21364	0.10990673996342014	0.6210812354675952	0.2690120245689847
21365	0.18001710680776412	0.6585844066485949	0.161398486543641
21366	0.10003304992614866	0.621028444218404	0.2789385058554473
21367	0.008934830640736713	0.2917518607356238	0.6993133086236396
21368	0.3000975916064712	0.42951228464261587	0.270390123750913
21369	0.16341416043759305	0.5634113369440337	0.2731745026183733
21370	0.2523890750217746	0.10180470081559874	0.6458062241626267
21371	0.3122579748979221	0.0031978309788879803	0.6845441941231898
21372	0.11166408941416421	0.7852210039706446	0.10311490661519113
21373	0.25311676834244934	0.6209429418537062	0.1259402898038443
21374	0.216593370917203	0.7072634229621597	0.07614320612063727
21375	0.4202342171758918	0.4916047169011753	0.08816106592293287
21376	0.8401492036123632	0.09806706638167877	0.06178373000595801
21377	0.7582261118947983	0.1222904929540048	0.1194833951511968
21378	0.30131165515246267	0.5490132070668367	0.14967513778070074
21379	0.32654249079863623	0.5822712477759407	0.09118626142542295
21380	0.6163339278053515	0.0181668740003995	0.36549919819424914
21381	0.3459140543487578	0.6124975962341347	0.04158834941710754
21382	0.5104821629341569	0.4182397029904837	0.07127813407535946
21383	0.2929271969854852	0.6958507673920131	0.011222035622501778
21384	0.12478912284826346	0.2158147764184498	0.6593961007332868
21385	0.030618886890505938	0.8345908207427829	0.13479029236671122
21386	0.05996695046465703	0.4988813379046863	0.4411517116306567
21387	0.2859438634410803	0.6873822213464013	0.026673915212518447
21388	0.43091288454874677	0.482147839703115	0.08693927574813834
21389	0.5237066431356431	0.4262081017557512	0.05008525510860569
21390	0.020830572674590334	0.7768143054456603	0.20235512187974922
21391	0.13941906865132622	0.5944966879141703	0.26608424343450343
21392	0.025743594863549178	0.4781757953301365	0.4960806098063143
21393	0.950240008841233	0.028169792056579608	0.021590199102187308
21394	0.9527006624636751	0.03309727128189754	0.014202066254427236
21395	0.41971263507821793	0.5515117567003552	0.02877560822142681
21396	0.5900578336079173	0.3562733119427136	0.053668854449369176
21397	0.2611278693617216	0.7121614789779906	0.026710651660287903
21398	0.39080635276055936	0.5978367939549859	0.011356853284454722
21399	0.33571301729294284	0.04349335770530118	0.620793625001756
21400	0.04020349553939023	0.844014609253207	0.11578189520740272
21401	0.18849551502035425	0.11134391744458465	0.7001605675350611
21402	0.007444127436950389	0.34450515722524416	0.6480507153378053
21403	0.019005282710577664	0.5947635622386255	0.3862311550507968
21404	0.05783868289461141	0.8491075094334399	0.09305380767194865
21405	0.06454883400348704	0.2611528080874683	0.6742983579090446
21406	0.133554360640607	0.2899130460032052	0.5765325933561878
21407	0.7333097968928133	0.09598651885313944	0.1707036842540472
21408	0.8156755769204727	0.13458382867906776	0.0497405944004597
21409	0.7277965737141743	0.165735559982355	0.10646786630347069
21410	0.453261483695137	0.4170640769647685	0.12967443934009448
21411	0.6332521979138672	0.19472385122211852	0.17202395086401417
21412	0.5885185560347194	0.2740220620822642	0.1374593818830164
21413	0.027576738434034985	0.39401492733848903	0.5784083342274758
21414	0.19740725045692709	0.7415722744309844	0.06102047511208853
21415	0.42124852882529673	0.559987279280305	0.018764191894398263
21416	0.021210725309685364	0.21909784176420724	0.7596914329261074
21417	0.8994662664545144	0.020961400993991363	0.07957233255149418
21418	0.9272361637838034	0.011743236840967656	0.06102059937522891
21419	0.6505299297846767	0.13035877645148747	0.2191112937638357
21420	0.08928310729191614	0.8524199530835584	0.05829693962452542
21421	0.7872706586582213	0.20682199440567	0.005907346936108623
21422	0.10900530489930416	0.4971062986248736	0.39388839647582224
21423	0.6121983199838801	0.256016447932114	0.13178523208400603
21424	0.7366821674035507	0.11321104572397282	0.15010678687247644
21425	0.05617576167761825	0.45081309512885703	0.4930111431935246
21426	0.10230236093329662	0.7369242277714481	0.16077341129525527
21427	0.018018347154560348	0.09579149735698678	0.8861901554884528
21428	0.026153277083150694	0.6329314668531723	0.34091525606367706
21429	0.43369013447484284	0.5560742466634109	0.01023561886174618
21430	0.055241853775129225	0.18411800638435294	0.7606401398405178
21431	0.5813048008649947	0.12534798186075943	0.2933472172742458
21432	0.8412286312527735	0.029950961005771493	0.12882040774145512
21433	0.01860531993731835	0.9463746121420835	0.035020067920598086
21434	0.022229702478649065	0.5241356694639827	0.4536346280573682
21435	0.3737961099132406	0.04369532870420302	0.5825085613825565
21436	0.6789070333428523	0.04656874505100938	0.2745242216061384
21437	0.4025467135825159	0.5326681848512048	0.06478510156627931
21438	0.1752165015670253	0.7776179304415486	0.04716556799142604
21439	0.060564783528018584	0.6921728365534693	0.24726237991851216
21440	0.047481034422863465	0.052426738858846036	0.9000922267182905
21441	0.42557903723386964	0.5322707919913653	0.0421501707747651
21442	0.43678428931509145	0.5415390167493694	0.021676693935539167
21443	0.06974931976975123	0.4487612496990567	0.48148943053119203
21444	0.41010500910338804	0.2285047915245369	0.36139019937207517
21445	0.13862798805333063	0.635888157865654	0.22548385408101543
21446	0.08806904307849582	0.6202595014701053	0.29167145545139883
21447	0.18975596648836746	0.7797154015393086	0.030528631972324003
21448	0.1266297137332948	0.8301979632841788	0.04317232298252638
21449	0.0860737625028838	0.016756952422811038	0.8971692850743052
21450	0.10595842661001377	0.015350378842726102	0.8786911945472602
21451	0.8072533153105519	0.1183186615071267	0.07442802318232136
21452	0.16270649791202743	0.7389557469979955	0.09833775508997718
21453	0.2642324148042546	0.686444629470228	0.04932295572551746
21454	0.2903004113479597	0.19061573869385742	0.5190838499581829
21455	0.35056232005565685	0.24382639369099865	0.4056112862533445
21456	0.1448559094183428	0.8482461695277899	0.006897921053867352
21457	0.691306312657016	0.26290529295827597	0.04578839438470799
21458	0.012852476379211048	0.49391676473829477	0.4932307588824942
21459	0.9243388665576533	0.024376852323531813	0.051284281118814876
21460	0.9324391455735171	0.032766828096752416	0.034794026329730485
21461	0.10442226337099805	0.34128180763679206	0.5542959289922099
21462	0.4093913596230598	0.2279858818116754	0.36262275856526477
21463	0.5316241791232914	0.46145769025582234	0.006918130620886261
21464	0.22041265568149618	0.48638559669278625	0.29320174762571755
21465	0.5083028648568503	0.3221966075020694	0.16950052764108026
21466	0.33317811266705016	0.20577378947084085	0.46104809786210904
21467	0.08289294954702699	0.5338746443379293	0.3832324061150437
21468	0.1751949926723867	0.6757697642310176	0.14903524309659574
21469	0.13806580281504835	0.8457537570873079	0.01618044009764379
21470	0.5235570128734286	0.3544084914129361	0.12203449571363517
21471	0.11493668278840966	0.15316022597121295	0.7319030912403776
21472	0.1640437316058801	0.8214856784126612	0.014470589981458691
21473	0.04382709469741871	0.6293562929146497	0.3268166123879317
21474	0.1781265271625993	0.5758746674172964	0.24599880542010427
21475	0.13819950518307575	0.08859229426763397	0.7732082005492903
21476	0.12102256398215785	0.13468840460355344	0.7442890314142887
21477	0.004938509668332667	0.36431446418122343	0.630747026150444
21478	0.4539471257184681	0.25073533952415156	0.2953175347573804
21479	0.018429289499016743	0.8962511869072304	0.08531952359375283
21480	0.06877131931408588	0.8811083906384723	0.050120290047441694
21481	0.7920065631768548	0.1513877410859961	0.05660569573714892
21482	0.737600662369432	0.063236725179352	0.19916261245121603
21483	0.3706900958362789	0.24712342333526846	0.3821864808284528
21484	0.2874719424995734	0.041721156085965015	0.6708069014144615
21485	0.38820327194255455	0.015175194744743015	0.5966215333127026
21486	0.015504122895245439	0.21943483596656202	0.7650610411381925
21487	0.025069330127441895	0.25960082761036324	0.7153298422621949
21488	0.2760626978679704	0.7200064245154952	0.003930877616534484
21489	0.4147012980514567	0.5805086742242348	0.004790027724308516
21490	0.09563024688835599	0.899106637053777	0.005263116057867017
21491	0.024998949738382986	0.12480602574983077	0.8501950245117863
21492	0.09985168988508564	0.15625567212471528	0.743892637990199
21493	0.2893567472589937	0.7063722391688869	0.004271013572119493
21494	0.18570320584590477	0.6225287107164555	0.19176808343763965
21495	0.39423639559726864	0.417862758332708	0.1879008460700234
21496	0.26588656912964753	0.7035542001837586	0.030559230686593886
21497	0.24111826686003276	0.40798865915009574	0.3508930739898716
21498	0.5273109736193253	0.4551936902685301	0.017495336112144468
21499	0.0939147096016533	0.6962765732181944	0.20980871718015243
21500	0.6324962949653874	0.3599840352076752	0.007519669826937386
21501	0.3632485789934998	0.517725058595484	0.11902636241101619
21502	0.2571196228891837	0.524866180911361	0.21801419619945536
21503	0.38561389288042286	0.5072026657874582	0.10718344133211895
21504	0.19500675580339003	0.4320998612996864	0.3728933828969236
21505	0.02163690177112633	0.8458647018591395	0.13249839636973407
21506	0.87657817012475	0.09314914791305715	0.030272681962192845
21507	0.0877231365785083	0.03636430880613061	0.8759125546153611
21508	0.06712031245345809	0.08240934901880234	0.8504703385277397
21509	0.6116261832399724	0.3023204090332075	0.08605340772682005
21510	0.13338049956471826	0.36171874220105854	0.5049007582342231
21511	0.597317038709867	0.14962360636649566	0.25305935492363746
21512	0.8564019259855312	0.061663722620154605	0.08193435139431422
21513	0.27632735017353144	0.641646363831916	0.0820262859945526
21514	0.3391163690356998	0.6120158608848432	0.04886777007945705
21515	0.1638007728649092	0.8222621903494219	0.013937036785668983
21516	0.21440677049822648	0.09569416886442444	0.6898990606373491
21517	0.5838447160058667	0.3468256041317193	0.06932967986241396
21518	0.027702017652716678	0.7232576900471209	0.24904029230016245
21519	0.20034733855983153	0.7879330154471879	0.01171964599298056
21520	0.19210285541994307	0.7093547429407739	0.09854240163928304
21521	0.09112792615702699	0.15626437060532225	0.7526077032376507
21522	0.2389345675425455	0.12837608736699094	0.6326893450904636
21523	0.7304416138549246	0.0457295068286886	0.22382887931638704
21524	0.558326456215641	0.2500405293920869	0.19163301439227215
21525	0.6694752121889666	0.23845997427189314	0.09206481353914038
21526	0.4832530409300818	0.397677090022298	0.11906986904762015
21527	0.010840162564978143	0.5846289971108943	0.40453084032412756
21528	0.23714213318951352	0.539230179175022	0.2236276876354644
21529	0.840597130233918	0.09975698017929849	0.0596458895867835
21530	0.7599377724769814	0.003633840455504572	0.2364283870675142
21531	0.8146224154016779	0.037828980373347525	0.14754860422497457
21532	0.2139700170241068	0.17146033744122985	0.6145696455346634
21533	0.40051438235475667	0.2741195038837687	0.3253661137614746
21534	0.16230981204442343	0.682441048998437	0.15524913895713952
21535	0.11258126367713171	0.5660236928952882	0.32139504342758013
21536	0.27841697716711356	0.40846214761891586	0.31312087521397064
21537	0.054400125503722425	0.6661436061842958	0.2794562683119817
21538	0.0358567238904056	0.6642926565118104	0.29985061959778386
21539	0.3403739768564187	0.5720383024348875	0.08758772070869376
21540	0.22286818452965806	0.5781052173637726	0.19902659810656936
21541	0.28669392546070827	0.6332392255758765	0.08006684896341512
21542	0.0913682965822805	0.19312603813580914	0.7155056652819103
21543	0.21544244286716283	0.3234912117924865	0.46106634534035057
21544	0.015165265651591245	0.8554032128192103	0.1294315215291984
21545	0.4019590693391005	0.5574290822160057	0.040611848444893676
21546	0.14083593819253504	0.826669699481739	0.03249436232572605
21547	0.14597427981853245	0.037565044295702	0.8164606758857657
21548	0.025149429313870996	0.820225470070838	0.154625100615291
21549	0.957952549847835	0.01635638242163298	0.025691067730531952
21550	0.029453751995277874	0.6401316067229059	0.3304146412818163
21551	0.7503151399218365	0.22685838289636537	0.022826477181798102
21552	0.4255735372614388	0.17574394540045082	0.3986825173381103
21553	0.41963495492133046	0.2882024457009672	0.2921625993777024
21554	0.12546151228245356	0.667082655716089	0.20745583200145745
21555	0.010008427781112262	0.08866387211721466	0.9013277001016731
21556	0.0216224815305809	0.1305282043398424	0.8478493141295768
21557	0.3024358449053588	0.19513525256233882	0.5024289025323023
21558	0.414353985803064	0.22071756199415488	0.36492845220278125
21559	0.00043585489912625273	0.7840647844602255	0.21549936064064815
21560	0.39241111260012546	0.3281084850790121	0.27948040232086246
21561	0.3793915227819144	0.10890736383670074	0.5117011133813848
21562	0.36982646357180987	0.444010277142628	0.1861632592855621
21563	0.13981819769152148	0.30052105241498706	0.5596607498934916
21564	0.3800040767667586	0.005436182350795863	0.6145597408824455
21565	0.75395295678625	0.11080866534198226	0.13523837787176776
21566	0.8340695197029212	0.10077555939286059	0.06515492090421812
21567	0.5681457724276792	0.414481465585704	0.017372761986616792
21568	0.002668804145031075	0.8330876325778379	0.1642435632771309
21569	0.47984186585650895	0.4996578628229931	0.02050027132049801
21570	0.3202498996222993	0.44064633098625944	0.2391037693914412
21571	0.5738570942089761	0.016788773766308992	0.40935413202471493
21572	0.6749265398346006	0.01834878674002243	0.3067246734253769
21573	0.13147848672464538	0.3729186808441199	0.49560283243123465
21574	0.47926452426905713	0.5053502666648731	0.015385209066069704
21575	0.07201283373133836	0.8540857732209826	0.07390139304767897
21576	0.36080825748274015	0.3882052073287485	0.25098653518851144
21577	0.3993000777689075	0.4405652082230752	0.1601347140080172
21578	0.006673988923749746	0.8134435465722943	0.17988246450395595
21579	0.06170365076021734	0.27624226811709207	0.6620540811226905
21580	0.1149205308841836	0.30741842633207905	0.5776610427837373
21581	0.1799264378482015	0.37039966552462733	0.449673896627171
21582	0.3274646623619372	0.5136594867220433	0.15887585091601955
21583	0.1883519899903885	0.2347445555794074	0.5769034544302041
21584	0.620741973302704	0.003952795730361042	0.37530523096693497
21585	0.004503827482783619	0.06936344807073055	0.9261327244464859
21586	0.1124810263710273	0.30611388722444177	0.5814050864045308
21587	0.5058371470637433	0.12679300611317082	0.36736984682308604
21588	0.29804531296358405	0.3148435449242171	0.3871111421121988
21589	0.3503727116142976	0.6056583658080095	0.04396892257769294
21590	0.16147116706381154	0.6929864367682379	0.1455423961679506
21591	0.02500106140134882	0.9253707533001608	0.04962818529849042
21592	0.8634987738680766	0.009070072888532852	0.1274311532433905
21593	0.36128300678760816	0.05241601418833172	0.58630097902406
21594	0.522403913800487	0.05136484885854966	0.42623123734096324
21595	0.29670098043396914	0.2860348021905184	0.4172642173755125
21596	0.5222216629273922	0.3999464034937848	0.07783193357882291
21597	0.21776715462700535	0.39174042548573446	0.39049241988726013
21598	0.4964082249289591	0.4187742681626657	0.0848175069083753
21599	0.1791470268746424	0.6138053608055639	0.20704761231979363
21600	0.05379298756601884	0.5191226004956526	0.42708441193832847
21601	0.025831748047150705	0.01846314934540422	0.9557051026074451
21602	0.05574254658224816	0.02897607522098328	0.9152813781967685
21603	0.011668812088262343	0.7444364581489292	0.2438947297628085
21604	0.005095171063485991	0.6606238362980603	0.33428099263845373
21605	0.2291515945858002	0.6786574444599357	0.09219096095426405
21606	0.012517990193248778	0.08140295390310792	0.9060790559036433
21607	0.025891911518504708	0.08609663155471203	0.8880114569267833
21608	0.037013110205205924	0.14958304311424442	0.8134038466805495
21609	0.5606612679956213	0.0022818878918364114	0.4370568441125422
21610	0.4918066109921858	0.06312673503325825	0.445066653974556
21611	0.6424757607786019	0.3393581271298804	0.01816611209151762
21612	0.016636776898053797	0.02623269796727908	0.9571305251346672
21613	0.04804261067862664	0.6013577525175756	0.35059963680379763
21614	0.15125660852335496	0.8099044713167098	0.038838920159935265
21615	0.6242549675399179	0.36933386530685897	0.006411167153223155
21616	0.5915260394830053	0.39516401492636266	0.013309945590632049
21617	0.20665559191876634	0.35879247120691893	0.43455193687431476
21618	0.02574771532128172	0.5029691241339216	0.47128316054479663
21619	0.0955535546718221	0.1477637351650896	0.7566827101630884
21620	0.5250379800466954	0.36863421400448143	0.10632780594882307
21621	0.6104930503908406	0.32766252936899276	0.06184442024016657
21622	0.005190265602267011	0.5019464635218005	0.49286327087593246
21623	0.24862844087650107	0.6235965930467497	0.12777496607674904
21624	0.05770273634943979	0.8075646930917417	0.1347325705588185
21625	0.03658523263642693	0.9558189946489383	0.007595772714634695
21626	0.5329234042900898	0.1130383094347349	0.3540382862751753
21627	0.0005518249910988446	0.7544147054337104	0.24503346957519084
21628	0.4534985538568389	0.4805720877572612	0.06592935838589983
21629	0.11285214457530213	0.8332518500587732	0.053896005365924655
21630	0.00883199951991227	0.47035536927478094	0.5208126312053067
21631	0.045189753748481484	0.89398053353087	0.06082971272064861
21632	0.01883954874572022	0.2832549263930631	0.6979055248612168
21633	0.18931803666397493	0.4155525146685507	0.39512944866747435
21634	0.26626858578421503	0.45170889579089457	0.2820225184248904
21635	0.535956454675305	0.3179483088838535	0.14609523644084157
21636	0.4217258691812202	0.25154074235023166	0.3267333884685481
21637	0.3223483830030448	0.3009405594875316	0.3767110575094236
21638	0.7456203075451537	0.025412839397034558	0.2289668530578118
21639	0.05862635425435545	0.6580750297449499	0.2832986160006946
21640	0.14061953041415384	0.5186062067623489	0.3407742628234973
21641	0.08630508278824599	0.9073311877126917	0.0063637294990622865
21642	0.028985726182356335	0.28372955104591346	0.6872847227717301
21643	0.21936639348851472	0.16277588396125475	0.6178577225502304
21644	0.5618659873332632	0.17451365114961095	0.26362036151712587
21645	0.18607258826470122	0.6274793639876735	0.1864480477476254
21646	0.011067975338820833	0.7065773110597149	0.28235471360146425
21647	0.43281207515569337	0.5563176316426844	0.010870293201622121
21648	0.4683252280037661	0.41463590171891923	0.1170388702773147
21649	0.03548198045185217	0.7085648222657495	0.2559531972823983
21650	0.16383042339510595	0.6641238166114974	0.17204575999339655
21651	0.2228133348891255	0.6662577372776772	0.11092892783319734
21652	0.035935382044458654	0.6237516380829454	0.34031297987259596
21653	0.08301972774925982	0.8275921713502398	0.08938810090050033
21654	0.07293299742460166	0.8356820725179401	0.09138493005745817
21655	0.3031859582367568	0.40211055120930533	0.2947034905539378
21656	0.41934306808580085	0.3839938332619581	0.19666309865224102
21657	0.03493456954031946	0.2446116859888901	0.7204537444707904
21658	0.057889705335167026	0.299929303035382	0.642180991629451
21659	0.13711234589570365	0.24833936125536304	0.6145482928489334
21660	0.5734968673840569	0.0546551947214994	0.37184793789444365
21661	0.6687408845897248	0.060034748056172135	0.2712243673541031
21662	0.7372781018165968	0.0692369040750523	0.1934849941083509
21663	0.6179912495590744	0.029114057064087755	0.352894693376838
21664	0.023086882353186695	0.9170343292788553	0.059878788367958104
21665	0.04560841566261258	0.8358190459528511	0.11857253838453627
21666	0.22617657890420922	0.7544781173489923	0.019345303746798475
21667	0.011978258706634014	0.5518195266176018	0.4362022146757641
21668	0.4339642204420096	0.35854772211752994	0.20748805744046042
21669	0.07384989624266042	0.9148793496537064	0.011270754103633134
21670	0.09688445006399582	0.8964589597071387	0.006656590228865501
21671	0.5902818331687798	0.31889403056298243	0.09082413626823772
21672	0.7618727265882601	0.14753272254461694	0.09059455086712291
21673	0.545646553787994	0.411896493615241	0.042456952596764866
21674	0.2734289989181703	0.2070997705246119	0.5194712305572179
21675	0.28390111595394896	0.6289784986605346	0.08712038538551643
21676	0.03065440689931089	0.6573170427848665	0.3120285503158226
21677	0.09777787875517056	0.6519617485181941	0.25026037272663537
21678	0.02312899319630375	0.21000938071846165	0.7668616260852344
21679	0.0041687676589719485	0.8720839159950514	0.12374731634597654
21680	0.12528968929757414	0.3207445503596574	0.5539657603427683
21681	0.2117949142083657	0.06441466964316929	0.723790416148465
21682	0.019605173490341587	0.3300408892980391	0.6503539372116194
21683	0.18217540264560522	0.19505608090715118	0.6227685164472436
21684	0.6465612372181858	0.2522296547308659	0.10120910805094839
21685	0.027304696782815628	0.8775274411957009	0.09516786202148346
21686	0.04173147856461074	0.37895192118640897	0.5793166002489802
21687	0.07322318953362196	0.299436074785254	0.6273407356811239
21688	0.027586163041837256	0.8589157862804478	0.11349805067771492
21689	0.11319514935550756	0.8414251428956694	0.045379707748823064
21690	0.22495710949862746	0.7713795853857521	0.003663305115620403
21691	0.00618321625017301	0.15704523078913937	0.8367715529606876
21692	0.20424336380770158	0.7094748697008071	0.08628176649149134
21693	0.41543856464586604	0.13733137786641259	0.4472300574877213
21694	0.6367748524762644	0.19969131274430538	0.16353383477943018
21695	0.9065657514161876	0.006609059972561911	0.08682518861125049
21696	0.41696522840212225	0.5660757280388445	0.01695904355903323
21697	0.5825576117933009	0.3985001238030198	0.018942264403679156
21698	0.038213747067133576	0.20804151337352822	0.7537447395593382
21699	0.06560181751604735	0.14723807999617328	0.7871601024877793
21700	0.6790774724418637	0.08406694277952018	0.23685558477861607
21701	0.7048335659301748	0.24014989049167026	0.05501654357815497
21702	0.29768587525625934	0.6037255658980201	0.09858855884572056
21703	0.049902960404393404	0.8387353461580395	0.11136169343756727
21704	0.6346875250353432	0.3601528828939564	0.00515959207070045
21705	0.33271036197683973	0.4792165543250156	0.18807308369814454
21706	0.6594341796918065	0.25374400623043825	0.08682181407775526
21707	0.27301494984114305	0.3219210940670621	0.40506395609179496
21708	0.46382259560451244	0.09390041536892953	0.44227698902655804
21709	0.6187460777929188	0.086073130627891	0.29518079157919014
21710	0.0976278955954003	0.02615346766730864	0.876218636737291
21711	0.8214748306210593	0.08203058259716808	0.09649458678177267
21712	0.9277792635948606	0.06872271800295468	0.0034980184021848153
21713	0.8800788959792991	0.10638695692982246	0.013534147090878555
21714	0.1920403178255695	0.29007279415468074	0.5178868880197498
21715	0.8774358845183866	0.007003567918105796	0.11556054756350778
21716	0.05706557169226283	0.807786937971471	0.1351474903362661
21717	0.3270151832238713	0.6533808993657477	0.019603917410380946
21718	0.036261978553908135	0.08583235269324067	0.8779056687528511
21719	0.2196841072662185	0.007194565728304174	0.7731213270054774
21720	0.10309260621314302	0.30092536115647217	0.5959820326303849
21721	0.0896417343754558	0.3212350952550062	0.589123170369538
21722	0.45435721931708734	0.4554928294544726	0.09014995122844012
21723	0.5549836123890038	0.38583797043822493	0.05917841717277121
21724	0.37593038019085995	0.056826905977646454	0.5672427138314936
21725	0.1513854873062113	0.11839744051380763	0.7302170721799811
21726	0.3203551425473301	0.1980772747909913	0.4815675826616786
21727	0.5701609586798245	0.03711918013185377	0.39271986118832164
21728	0.025701714526194727	0.8921059804523026	0.08219230502150272
21729	0.30684632526993294	0.25622934772395756	0.4369243270061095
21730	0.09588348581941004	0.8536742498493748	0.05044226433121526
21731	0.2800543081516544	0.6931064289129879	0.02683926293535769
21732	0.10788894225668687	0.027787684646240287	0.8643233730970729
21733	0.13659800351510804	0.037535037457021414	0.8258669590278707
21734	0.29949961348118254	0.588448909943838	0.11205147657497945
21735	0.4368422599745628	0.5431074169645715	0.020050323060865693
21736	0.014849222552068072	0.9637708497346907	0.02137992771324127
21737	0.007466253337285686	0.6285661135837086	0.3639676330790056
21738	0.2537493330400001	0.686823928385471	0.05942673857452878
21739	0.6365203855024859	0.008478098909391982	0.35500151558812215
21740	0.49161068825825294	0.004177811149800852	0.5042115005919463
21741	0.7195776954862589	0.03142933162438153	0.24899297288935948
21742	0.15605733272190356	0.0006337742377291815	0.8433088930403673
21743	0.9026718443430345	0.02867606455956657	0.06865209109739895
21744	0.0623371733828779	0.8179932210295363	0.11966960558758578
21745	0.06752846079112382	0.6143711713562464	0.31810036785262985
21746	0.16284622236752083	0.6453322417619001	0.19182153587057907
21747	0.1686208729675416	0.09091668059408949	0.7404624464383689
21748	0.4955483756633316	0.1158854730640143	0.3885661512726541
21749	0.7105629754030882	0.06304440070000389	0.22639262389690806
21750	0.05078759171649042	0.3889658979869877	0.5602465102965218
21751	0.08539365444814416	0.8142645807872031	0.10034176476465281
21752	0.023110920240582283	0.9094583569535886	0.06743072280582925
21753	0.07105928767212784	0.8174856542726564	0.11145505805521574
21754	0.7297222522498191	0.26305046932643905	0.007227278423741793
21755	0.014139498531315516	0.4129023547593185	0.572958146709366
21756	0.01685956462391415	0.04421254975891234	0.9389278856171734
21757	0.014549562861018056	0.050592958267458916	0.934857478871523
21758	0.1324670263606495	0.7844760852694037	0.08305688836994678
21759	0.0061266551793012405	0.7800088657976251	0.21386447902307368
21760	0.007573507685816755	0.7379240857728647	0.25450240654131856
21761	0.019416454807227732	0.6742464226305657	0.30633712256220663
21762	0.585533430322813	0.3796007903655658	0.03486577931162109
21763	0.8399969616481747	0.045480395642273665	0.11452264270955158
21764	0.8939155613864863	0.07096801074252869	0.03511642787098494
21765	0.0884414238272638	0.8243523532962916	0.08720622287644454
21766	0.25196147056700885	0.7323839166466113	0.015654612786379907
21767	0.8253829167618446	0.11749099082714663	0.0571260924110087
21768	0.0520038669413654	0.4581476218666313	0.48984851119200323
21769	0.12236933931342311	0.46084415303469767	0.41678650765187913
21770	0.04566057713130356	0.4543225571882938	0.5000168656804025
21771	0.380196222143507	0.07823060577359252	0.5415731720829003
21772	0.07045445389063375	0.6641090089002295	0.26543653720913674
21773	0.06722617857022326	0.02470435185189996	0.9080694695778768
21774	0.28134260201536015	0.4520982470049939	0.26655915097964594
21775	0.31806160544803297	0.5052374928902668	0.17670090166170027
21776	0.015860203980582875	0.4332942196729791	0.550845576346438
21777	0.41924091997798835	0.5590183018176575	0.021740778204354043
21778	0.10376773715981343	0.37527863640897446	0.5209536264312121
21779	0.2252260482022182	0.20273812852308046	0.5720358232747014
21780	0.25070566930850013	0.21873698624256163	0.5305573444489382
21781	0.030724121298855017	0.5586877756288033	0.4105881030723418
21782	0.42992100483349455	0.4849121481040514	0.085166847062454
21783	0.6282396941470131	0.32237262681101114	0.049387679041975704
21784	0.26058528772559103	0.2991319842674801	0.44028272800692897
21785	0.21602481582853494	0.12406252283031492	0.6599126613411502
21786	0.10766164189114395	0.08369954567002497	0.8086388124388311
21787	0.6259282068385227	0.30260804498511	0.07146374817636739
21788	0.007668743833366493	0.08669206407806544	0.9056391920885679
21789	0.27245498552008507	0.3157284200969697	0.41181659438294527
21790	0.010775269482758575	0.446928678551146	0.5422960519660954
21791	0.8497671585580283	0.062197360426653275	0.08803548101531844
21792	0.885946108818706	0.059454047091394915	0.054599844089899166
21793	0.05638708814870101	0.7809013108550776	0.16271160099622137
21794	0.007076315330650502	0.8089793980134068	0.18394428665594267
21795	0.4084984306371326	0.13090411398496477	0.4605974553779026
21796	0.03101501929553439	0.8936102998139132	0.07537468089055237
21797	0.14624172006934327	0.8153898310676968	0.03836844886295995
21798	0.8643452062522669	0.05293740904424376	0.08271738470348938
21799	0.2905380937863766	0.2025479874338217	0.5069139187798017
21800	0.536628702276675	0.1392850204192984	0.32408627730402656
21801	0.6333402207544704	0.011555932631118286	0.35510384661441124
21802	0.4281378892249808	0.4426889227272864	0.1291731880477328
21803	0.5629503926202112	0.3856430767824328	0.05140653059735586
21804	0.8347244183664437	0.12241549099181412	0.042860090641742135
21805	0.02782913972429688	0.9135492925756858	0.05862156770001734
21806	0.4990084363504214	0.29945398051242067	0.20153758313715783
21807	0.26054845078800376	0.06970880989223224	0.6697427393197641
21808	0.5238213747055016	0.07459540628166454	0.4015832190128339
21809	0.06717588750085626	0.23289289480610015	0.6999312176930437
21810	0.2412228411481947	0.28663221917729204	0.4721449396745132
21811	0.08047932588881493	0.8057233854008607	0.1137972887103244
21812	0.49455255485691635	0.4790571044183697	0.02639034072471402
21813	0.055130859621136286	0.6476723625544034	0.29719677782446025
21814	0.01547740941255074	0.8033085201620589	0.1812140704253904
21815	0.4757084095893129	0.09651118645281655	0.4277804039578706
21816	0.6900815893722722	0.025202414786013635	0.28471599584171414
21817	0.8329546072744578	0.048515295432077804	0.11853009729346455
21818	0.8727251110281293	0.009290671979388461	0.11798421699248222
21819	0.8973434637936513	0.014361490485745587	0.08829504572060312
21820	0.25665277419330174	0.32891144208287454	0.4144357837238236
21821	0.3049320585860662	0.3962940857903078	0.2987738556236261
21822	0.026231542923054966	0.15951280493888137	0.8142556521380636
21823	0.30984905790065514	0.31594549326426974	0.37420544883507517
21824	0.941834874438622	0.05530508521307618	0.0028600403483016977
21825	0.8540948115616133	0.11221389965205565	0.03369128878633099
21826	0.5716088749734836	0.3262364713660863	0.10215465366043015
21827	0.7428150678973844	0.15430670938486496	0.10287822271775077
21828	0.0276261334969751	0.9563040650646492	0.016069801438375764
21829	0.22972221470808826	0.45053973820136306	0.31973804709054865
21830	0.8620351219764221	0.005803510111192995	0.13216136791238484
21831	0.09359447008968348	0.8783226424412968	0.028082887469019883
21832	0.20307776710113762	0.7157509995950267	0.08117123330383556
21833	0.3552466255287121	0.048289007617139085	0.5964643668541488
21834	0.5061676668321768	0.2746651251087405	0.21916720805908263
21835	0.6948569109546598	0.18160271821489116	0.12354037083044898
21836	0.4127115978389784	0.2748440875253122	0.3124443146357093
21837	0.3379046413790748	0.05907837791329989	0.6030169807076253
21838	0.616554784968437	0.04090864668620185	0.3425365683453611
21839	0.15062102044694442	0.34464987700194843	0.504729102551107
21840	0.04443324312196801	0.9289921410477074	0.026574615830324517
21841	1.8373611950366467e-05	0.5456185170401452	0.4543631093479045
21842	0.5225558413892077	0.4592609687996435	0.018183189811148817
21843	0.4959375445517723	0.48513478237660435	0.01892767307162332
21844	0.7464832300326443	0.17563383904814864	0.07788293091920705
21845	0.16497917210472599	0.1804431998619732	0.6545776280333009
21846	0.036842315059693265	0.13206312123992942	0.8310945637003774
21847	0.21470229442245276	0.6892181277032469	0.09607957787430042
21848	0.07781415204773655	0.7227781089375196	0.1994077390147439
21849	0.15055490679787245	0.550782699722773	0.29866239347935447
21850	0.005531612475039377	0.6186272622566077	0.37584112526835284
21851	0.056730919067785865	0.8673904748325671	0.07587860609964694
21852	0.18243545103307224	0.8096337249007557	0.007930824066172132
21853	0.552615566916097	0.356822023388638	0.09056240969526488
21854	0.494127094994156	0.0034659037907042683	0.5024070012151397
21855	0.29185150411142663	0.6540156162599128	0.05413287962866067
21856	0.4222983789426322	0.5173450993584446	0.06035652169892318
21857	0.13208052225814051	0.19924011332503322	0.6686793644168263
21858	0.0476613602224605	0.8308424910480573	0.12149614872948208
21859	0.0937906737077888	0.838900927695762	0.06730839859644926
21860	0.6343021525090662	0.17971103127675028	0.1859868162141836
21861	0.8109421717182214	0.09566953580154242	0.09338829248023625
21862	0.16871490564124833	0.1555549822718667	0.675730112086885
21863	0.46410390196141255	0.11746442019221216	0.4184316778463752
21864	0.35490904897962405	0.5079343752625262	0.13715657575784973
21865	0.01281229761873917	0.044912573666396796	0.942275128714864
21866	0.6684285090360595	0.2251832707670509	0.1063882201968895
21867	0.5585631091724995	0.07199271459207317	0.36944417623542736
21868	0.44457944362381285	0.0028731462757191654	0.5525474101004679
21869	0.30829642463685736	0.002871908190946439	0.6888316671721963
21870	0.6203149466361587	0.3733248504265889	0.006360202937252406
21871	0.9258717347054427	0.04040636732050089	0.03372189797405648
21872	0.03526359694408972	0.8241779189854346	0.14055848407047578
21873	0.03017831855745015	0.8286438890217351	0.14117779242081488
