40860	0.2934673329408594	0.08092374166631094	0.6256089253928296
40861	0.7596147040706478	0.09267299252642701	0.14771230340292524
40862	0.049116520644954316	0.18567476243193087	0.7652087169231149
40863	0.13841002585373816	0.27921356167193934	0.5823764124743225
40864	0.29124883761818454	0.004459654130476955	0.7042915082513385
40865	0.509819868952231	0.04150462518965524	0.4486755058581138
40866	0.7236581183439907	0.14100113067422765	0.13534075098178167
40867	0.005273365887526933	0.07442502504895977	0.9203016090635132
40868	0.10936141950207982	0.8506954695429049	0.03994311095501527
40869	0.5933342499519554	0.3870917518858423	0.019573998162202396
40870	0.15438680188172277	0.17344463990469575	0.6721685582135815
40871	0.9068232734736782	0.025048920820095973	0.06812780570622586
40872	0.00020390531583132905	0.4751862600242424	0.5246098346599263
40873	0.021727493732620916	0.6942224499339605	0.28405005633341857
40874	0.685392941713426	0.23864483522623903	0.07596222306033497
40875	0.8209510495904361	0.02045939881871067	0.15858955159085325
40876	0.0035191251908360697	0.3694101681393951	0.6270707066697688
40877	0.4469166766260342	0.13975048223341816	0.4133328411405477
40878	0.7051003711858813	0.053529811104840716	0.24136981770927804
40879	0.4870844395511674	0.3712434408002225	0.14167211964861007
40880	0.01371571562849509	0.27384955497759567	0.7124347293939093
40881	0.8797595853014875	0.029750032879289682	0.09049038181922271
40882	3.8531597837745164e-05	0.47333354338014744	0.5266279250220148
40883	0.42319828106125124	0.5703088714427463	0.006492847496002475
40884	0.402323394178349	0.001467639154885676	0.5962089666667654
40885	0.3600858913016295	0.001614449886368498	0.6382996588120019
40886	0.1408375890084796	0.3884410511387376	0.4707213598527827
40887	0.1885203577676008	0.8011203794034912	0.010359262828907978
40888	0.5400708493938269	0.44354846197984915	0.01638068862632395
40889	0.7325117043644427	0.25795498686076734	0.009533308774789993
40890	0.4733533460012675	0.1242593816619417	0.40238727233679084
40891	0.6188664442705297	0.07231026426576555	0.3088232914637048
40892	0.7865119453358496	0.17406970586156217	0.0394183488025884
40893	0.09816582675987254	0.8326500150476966	0.06918415819243078
40894	0.34410910560601343	0.648151295208685	0.007739599185301524
40895	0.008488198447613402	0.8799247051806217	0.11158709637176499
40896	0.03538975868401667	0.9158793554798903	0.04873088583609311
40897	0.5198556407673067	0.4469037495565904	0.033240609676102865
40898	0.8948050314004908	0.03690872746286239	0.06828624113664679
40899	0.7414755415586912	0.21275816119096153	0.04576629725034722
40900	0.48029590490647783	0.48316261501026303	0.03654148008325911
40901	0.6268873230578906	0.3696137554801352	0.0034989214619740943
40902	0.004639506478280269	0.5117542296406413	0.4836062638810785
40903	0.8555074890162352	0.11449010937326348	0.0300024016105013
40904	0.3020494378630288	0.6949828681590775	0.0029676939778937473
40905	0.1403667266111274	0.44761390941218615	0.4120193639766863
40906	0.001615645572291869	0.7722659307792911	0.22611842364841708
40907	0.0016600459023822967	0.1624398059964426	0.8359001481011751
40908	0.4195125520479958	0.5282227962558445	0.05226465169615957
40909	0.5309134441610414	0.0855742970570884	0.3835122587818702
40910	0.025868995724981334	0.09678159607542319	0.8773494081995955
40911	0.7527428531440612	0.24017115033176525	0.007085996524173406
40912	0.1176993991532123	0.7535841061525204	0.12871649469426738
40913	0.7651159719559395	0.19658709584771095	0.03829693219634965
40914	0.006994969380537656	0.3117772999630534	0.6812277306564088
40915	0.46318240605987115	0.03774612107434136	0.49907147286578757
40916	0.7093869239416317	0.03310571139535787	0.2575073646630103
40917	0.2939798082949639	0.2500286172499644	0.4559915744550716
40918	0.8963157791863934	0.0969917245871952	0.0066924962264115
40919	0.7859546159035803	0.1760497567147308	0.03799562738168897
40920	0.013316705023602262	0.291768315824592	0.6949149791518058
40921	0.023009645871664777	0.8212567467640454	0.1557336073642899
40922	0.21284906904097628	0.13829250318334252	0.6488584277756811
40923	0.060327257484851196	0.8733466950075857	0.06632604750756313
40924	0.012177602584820531	0.9450590222144551	0.04276337520072437
40925	0.14686893005271226	0.019116889431362836	0.8340141805159249
40926	0.0716197052599077	0.7961103955260804	0.13226989921401192
40927	0.3727580211589489	0.3939329527287705	0.23330902611228058
40928	0.302685517620651	0.1285927008779707	0.5687217815013784
40929	0.6176264485095767	0.35804399999583353	0.02432955149458995
40930	0.6392693144855567	0.32210879432044554	0.03862189119399771
40931	0.5796461402324036	0.05316308245732014	0.36719077731027633
40932	0.3089646878187578	0.32256352903383073	0.3684717831474114
40933	0.023336560149557786	0.17865809578062108	0.7980053440698212
40934	0.017594481686420912	0.9493159330617449	0.033089585251834204
40935	0.2819624339231783	0.6271851141430255	0.0908524519337962
40936	0.30052336200035057	0.5994237363719358	0.10005290162771367
40937	0.06335180521753456	0.022093869251460937	0.9145543255310045
40938	0.07646737912206236	0.11171395737986041	0.8118186634980772
40939	0.6149010140696571	0.11941365904332683	0.26568532688701607
40940	0.16632500142229362	0.05981202480399881	0.7738629737737076
40941	0.6770253314697586	0.07108248419063681	0.2518921843396045
40942	0.2180643862438534	0.764595791878452	0.017339821877694752
40943	0.12641227557238313	0.8415814086167253	0.03200631581089154
40944	0.15042408235835447	0.021170627561235902	0.8284052900804095
40945	0.3050708177355254	0.08041061917513141	0.6145185630893433
40946	0.6818628888878301	0.2873976786912886	0.030739432420881264
40947	0.5136015262314112	0.4758331447038209	0.010565329064768036
40948	0.9372633364298245	0.04891820819534004	0.013818455374835632
40949	0.042767279878739975	0.24915088349936235	0.7080818366218977
40950	0.494676481295149	0.44541565927827786	0.05990785942657305
40951	0.21438919243270615	0.17592421954818852	0.6096865880191054
40952	0.7598132963923835	0.1146848494607022	0.12550185414691428
40953	0.25612989547874365	0.6854657934227671	0.058404311098489176
40954	0.1378352410364476	0.22347695598568285	0.6386878029778694
40955	0.3242183027759057	0.022927895078042767	0.6528538021460516
40956	0.14630543022686188	0.02520157553811033	0.8284929942350278
40957	0.30756506292836205	0.6031044358351868	0.08933050123645106
40958	0.15229999103504496	0.2867978515084265	0.5609021574565285
40959	0.5688271297624523	0.3194854110876899	0.11168745914985775
40960	0.4616749526614332	0.485865522073918	0.052459525264648685
40961	2.1104616199871686e-05	0.3203162452630187	0.6796626501207813
40962	0.00021015552349217713	0.3978191170411519	0.6019707274353558
40963	0.3511911028468052	0.03492735946546013	0.6138815376877345
40964	0.05976172600871698	0.8308000393456636	0.10943823464561951
40965	0.6399549862862544	0.1300432478770829	0.23000176583666268
40966	0.6213003095596518	0.36046587140276926	0.01823381903757901
40967	0.060293193826376004	0.8931799199593153	0.046526886214308595
40968	0.6634141647443343	0.017122805838155803	0.3194630294175098
40969	0.2848094657891559	0.12215166731462263	0.5930388668962215
40970	0.05890284188768881	0.09278864508583894	0.8483085130264721
40971	0.12736644536089883	0.809322532178995	0.06331102246010613
40972	0.00020741312069584423	0.5835254421087558	0.4162671447705484
40973	0.04140282935648454	0.6699687252303306	0.2886284454131849
40974	0.0015770849983164205	0.6783638816203766	0.32005903338130687
40975	0.7669756036601016	0.09541443402609243	0.1376099623138059
40976	0.02770663896056787	0.7740262681741021	0.19826709286532992
40977	0.08189698314528594	0.24954920062791275	0.6685538162268014
40978	0.02114373026239151	0.8736415862231444	0.10521468351446406
40979	0.1095254338379695	0.18753473704001847	0.702939829122012
40980	0.75835890571954	0.05051166402741461	0.19112943025304538
40981	0.054420324770368414	0.9306083081860682	0.014971367043563413
40982	0.023563025344675588	0.9154737460266984	0.06096322862862608
40983	0.23299252030487147	0.6328360905923527	0.1341713891027758
40984	0.15921117622861303	0.07531247274751764	0.7654763510238694
40985	0.016994232593205826	0.73745431218558	0.24555145522121413
40986	0.3463472319887394	0.11107476834322645	0.5425779996680341
40987	0.16684299037368777	0.7391735640874163	0.09398344553889594
40988	0.1304307839102791	0.21324946919501053	0.6563197468947104
40989	0.3028885407091114	0.5925021509831387	0.10460930830774987
40990	0.012344865835864733	0.5044971656775237	0.48315796848661174
40991	0.0056546153874798355	0.5230789861941935	0.47126639841832657
40992	0.6352922601336055	0.06225775963081679	0.30244998023557773
40993	0.22565719837762485	0.24810268871144708	0.526240112910928
40994	0.0004606705170567421	0.006900465991415098	0.9926388634915282
40995	0.37471396491143205	0.5656802031747994	0.05960583191376853
40996	0.5864762488101869	0.06507570026492585	0.3484480509248872
40997	0.7835802489965761	0.19249180763428828	0.023927943369135656
40998	0.3210311161528627	0.5537010182873616	0.12526786555977568
40999	0.5666356487809079	0.24375226809729414	0.18961208312179798
41000	0.0020107424806489658	0.7430761880732714	0.2549130694460796
41001	0.14373012317804504	0.6579045957396227	0.1983652810823323
41002	0.5218399573192483	0.4626692505598874	0.015490792120864334
41003	0.04305743217744529	0.8541283758107557	0.10281419201179888
41004	0.016956761028019237	0.04728444315696911	0.9357587958150116
41005	0.019202511882822494	0.5522199735436014	0.428577514573576
41006	0.6056486659068876	0.3879012256013895	0.006450108491722873
41007	0.7892040188113947	0.0985390516666072	0.11225692952199814
41008	0.041869876923290354	0.4748881129974206	0.48324201007928913
41009	0.06436697519477129	0.2919662322242955	0.6436667925809332
41010	0.6363301309588668	0.05773393534659671	0.3059359336945363
41011	0.37275037888894713	0.5237171291727392	0.10353249193831376
41012	0.10353349354175892	0.8259884373471047	0.07047806911113638
41013	0.005190680913189481	0.25653440910719916	0.7382749099796114
41014	0.011531316550590536	0.49050316943571604	0.49796551401369343
41015	0.750463038521619	0.0899424961679078	0.15959446531047317
41016	0.07427132013913537	0.6090862071622551	0.31664247269860957
41017	0.6398255267972278	0.005169425423075351	0.3550050477796968
41018	0.7734976014496623	0.004388469879727247	0.22211392867061036
41019	0.001040675607360977	0.4730301488188979	0.5259291755737411
41020	0.10146233616763986	0.849934189652938	0.04860347417942216
41021	0.00021710638625690174	0.4384152234434237	0.5613676701703194
41022	0.8473155760801276	0.10410656287900999	0.04857786104086235
41023	0.45503063090976464	0.027426798035394856	0.5175425710548404
41024	0.013154290587816139	0.007715212103231759	0.9791304973089522
41025	0.5499279633528588	0.4429432633688899	0.00712877327825124
41026	0.12211614901128773	0.5043533471829217	0.37353050380579056
41027	0.005328340400891964	0.0684386408112929	0.9262330187878153
41028	0.4797252408190283	0.00023580814790696297	0.5200389510330649
41029	0.7386829857902953	0.000576270573651677	0.260740743636053
41030	0.9466483654194578	0.04829577157648215	0.0050558630040599
41031	0.004751188410566604	0.12323598738370632	0.8720128242057271
41032	0.05631129620871941	0.801751308380931	0.14193739541034955
41033	0.0043691225645909534	0.15153724484747913	0.8440936325879298
41034	0.09065761806540445	0.10549020621370211	0.8038521757208934
41035	0.5111263041329304	0.0676085552029831	0.42126514066408655
41036	0.09552043903758663	0.3327984758073922	0.5716810851550211
41037	0.05660011090924997	0.7479400964758924	0.19545979261485757
41038	0.7232069905197496	0.039162422714781535	0.23763058676546875
41039	0.44130309704212517	0.4589027785448868	0.099794124412988
41040	0.10890114020215816	0.5141114685490424	0.37698739124879926
41041	0.4693739952256913	0.114041754576772	0.4165842501975368
41042	0.5151922315645697	0.0894631201891472	0.39534464824628296
41043	0.010166259842699464	0.25125759950750687	0.7385761406497937
41044	0.4625443866797133	0.24041079988679792	0.29704481343348865
41045	0.27438570438147597	0.16888324101228586	0.5567310546062382
41046	0.5780438019082357	0.3854689156762634	0.03648728241550108
41047	0.5016801153235336	0.26920244380877634	0.2291174408676901
41048	0.9681673606020339	0.02227731270196438	0.00955532669600175
41049	0.24440213603369687	0.1426031915898619	0.6129946723764412
41050	0.0799504509640153	0.5219870585818435	0.3980624904541412
41051	0.772005351453652	0.21165311031562908	0.01634153823071897
41052	0.5129769311405121	0.40230980444592157	0.08471326441356632
41053	0.7759850948010505	0.20267905171739065	0.021335853481558816
41054	0.8848929485284471	0.06810146232268302	0.04700558914886991
41055	0.26966253351066805	0.26962999056928405	0.4607074759200479
41056	0.0036621602792796886	0.28512283329086696	0.7112150064298534
41057	0.01782287739776368	0.667003777372785	0.31517334522945123
41058	0.5529592034708886	0.35427147963427735	0.09276931689483418
41059	0.1052334227697018	0.5465571963206242	0.34820938090967396
41060	0.7575529321883963	0.2352381674602871	0.007208900351316772
41061	0.18040178853477976	0.1159473461320983	0.7036508653331219
41062	0.21691685183405957	0.24019114641694939	0.5428920017489912
41063	0.7332528986760666	0.21468723223057332	0.052059869093360134
41064	0.16613405025060354	0.8135918779929575	0.02027407175643892
41065	0.034054732981794206	0.15018966138276876	0.8157556056354371
41066	0.04117673592113706	0.8937924730885765	0.06503079099028644
41067	0.012413726238910709	0.04341918084085224	0.9441670929202369
41068	0.10370900896242362	0.07162924195496935	0.8246617490826071
41069	0.4174953563231411	0.5457628162802941	0.0367418273965648
41070	0.01884767047637663	0.24718796706846946	0.7339643624551538
41071	0.19847034710643383	0.36094565021776326	0.44058400267580294
41072	0.8415523734422156	0.12687258656811992	0.03157503998966469
41073	0.08212282122430299	0.45594429374587114	0.46193288502982577
41074	0.24534512417163862	0.5024228585302815	0.25223201729808004
41075	0.03862206320245498	0.8039966644120436	0.1573812723855013
41076	0.44181847551748277	0.2406087379244217	0.3175727865580955
41077	0.9770984680106181	0.002675714983440516	0.020225817005941272
41078	0.003780111048200842	0.25865066104908513	0.7375692279027141
41079	0.7866716658162198	0.032873295483711734	0.18045503870006843
41080	0.1324928072665204	0.861081926340117	0.006425266393362452
41081	0.003912290474891791	0.3230007701286502	0.6730869393964579
41082	0.05517920628843766	0.6379920556720908	0.30682873803947164
41083	0.03512442897848578	0.8690798358091816	0.09579573521233267
41084	0.817829616655363	0.17089449977845367	0.011275883566183285
41085	0.2576584738665196	0.43356066191105547	0.30878086422242496
41086	0.8174787581927987	0.1632574963234128	0.01926374548378843
41087	0.3366180968386192	0.029622816756694023	0.6337590864046868
41088	0.1535535146459076	0.80733352803305	0.03911295732104246
41089	0.2103498560063178	0.5346303084367012	0.255019835556981
41090	0.7357389555522365	0.12187558709276068	0.142385457355003
41091	0.06372834634534973	0.3640864060138291	0.5721852476408212
41092	0.6211682784001196	0.3356790616506627	0.04315265994921767
41093	0.8946729145471262	0.06909755416994064	0.03622953128293316
41094	0.6300559483586684	0.15072135046373653	0.21922270117759507
41095	0.18442052868562803	0.6725480306339834	0.14303144068038856
41096	0.849279056561259	0.09384842853276265	0.05687251490597836
41097	0.5140699300917245	0.4699020210703698	0.016028048837905606
41098	0.5571736243390002	0.022233983900145953	0.4205923917608537
41099	0.0270188380121237	0.6662301220171428	0.3067510399707335
41100	0.022789945217354647	0.26400485993088313	0.7132051948517623
41101	0.5308050729136569	0.14176264338674335	0.3274322836995997
41102	0.05383280050429763	0.24438905287191842	0.701778146623784
41103	0.10602789014857912	0.19555444471692598	0.6984176651344949
41104	0.37784230179720646	0.5778634788898196	0.044294219312973906
41105	0.13424026702865116	0.6113677325069138	0.2543920004644351
41106	0.03132338549310205	0.6982303416032627	0.27044627290363515
41107	0.41301724023044556	0.28915292617000016	0.29782983359955434
41108	0.0023982749010651207	0.12260767716113036	0.8749940479378046
41109	0.5474743967264145	0.39120613235220547	0.061319470921379966
41110	0.8859839980293238	0.011420954986628536	0.10259504698404762
41111	0.006738878484769731	0.8470382641594775	0.14622285735575274
41112	0.22837026644562172	0.5904066200175534	0.18122311353682488
41113	0.13770063588429832	0.5032277655815638	0.3590715985341379
41114	0.911547906513169	0.023102959487247793	0.06534913399958327
41115	0.937958862451454	0.021699517302863732	0.04034162024568214
41116	0.01708249656620467	0.23251157415339851	0.750405929280397
41117	0.0066742674842936245	0.059477593555856384	0.9338481389598499
41118	0.7765923672009999	0.08271392581466207	0.14069370698433803
41119	0.19871610946854434	0.16146184392551002	0.6398220466059457
41120	0.8772478457237989	0.10103971243544997	0.021712441840751225
41121	0.4442943498666918	0.45414466557405053	0.10156098455925765
41122	0.8455214090359475	0.0021644103074059972	0.1523141806566466
41123	0.5231409225251978	0.004046778049956735	0.47281229942484526
41124	0.05652636979087164	0.10276927232726152	0.8407043578818668
41125	0.11421226486217462	0.8201359288494375	0.06565180628838792
41126	0.6207604715756726	0.3308388216005033	0.04840070682382399
41127	0.7283224558554451	0.2676636877328083	0.004013856411746588
41128	0.033506945432229894	0.9512016507108814	0.015291403856888758
41129	0.046559673077594635	0.2546501996104408	0.6987901273119645
41130	0.0012283845964245056	0.41688960217821935	0.5818820132253562
41131	0.025128502800826964	0.8304486432986241	0.14442285390054896
41132	0.019079920092112065	0.2073061163240884	0.7736139635837995
41133	0.02792283281744321	0.7797389905782669	0.1923381766042899
41134	0.8220607323054023	0.0549420597496505	0.12299720794494712
41135	0.1592267768682361	0.54233557492013	0.2984376482116339
41136	0.022264397310013548	0.7179448281786062	0.2597907745113801
41137	0.3544354769286867	0.5249066280288224	0.1206578950424908
41138	0.06387539077281208	0.22214802513753937	0.7139765840896486
41139	0.36501219807562396	0.4153287735613972	0.2196590283629788
41140	0.9065360376442613	0.056992824625158624	0.036471137730580104
41141	0.008096297997652055	0.17314463767763685	0.8187590643247111
41142	0.2524109747390237	0.19335803634576715	0.5542309889152092
41143	0.7735803983991353	0.0945039239286407	0.13191567767222412
41144	0.3294718906228245	0.6618411128809468	0.008686996496228734
41145	0.38490495945050207	0.5181907182833674	0.09690432226613048
41146	0.8039458371009608	0.05599860864026538	0.14005555425877392
41147	0.21051854688352725	0.07347016612052969	0.7160112869959431
41148	0.18898854322666933	0.012273093823614982	0.7987383629497157
41149	0.4129336476475239	0.40897907011198564	0.17808728224049059
41150	0.7709174099746926	0.03870429838866422	0.19037829163664333
41151	0.09607072986357976	0.5731660118427465	0.33076325829367376
41152	5.75463326400644e-07	0.3305961730407129	0.6694032514959606
41153	0.2505184796929361	0.693468499170932	0.056013021136131796
41154	0.5610903543341498	0.42327288678367453	0.01563675888217561
41155	0.2292354345899574	0.20335131359437206	0.5674132518156706
41156	0.02246739010308922	0.06395692889025335	0.9135756810066574
41157	0.13464630845560688	0.8295960082843301	0.03575768326006307
41158	0.491248491812731	0.012148123772831872	0.49660338441443713
41159	0.047815708992557486	0.8095507538653829	0.14263353714205967
41160	0.563161151149434	0.433982326881746	0.0028565219688200566
41161	0.19405599378044666	0.16948306925166004	0.6364609369678932
41162	0.3611848200774198	0.030428620980708795	0.6083865589418713
41163	0.0022283601572720482	0.16754426708200493	0.8302273727607229
41164	0.0203128691910469	0.2507331026021541	0.728954028206799
41165	0.17148367066823145	0.4052771346161588	0.4232391947156098
41166	0.676314474616086	0.30389125164803577	0.019794273735878144
41167	0.22710951181587538	0.6915565273680968	0.08133396081602785
41168	0.9607611354129533	0.007027784493035609	0.032211080094011114
41169	0.7347108788781056	0.20325181117468993	0.062037309947204494
41170	0.5285932363892214	0.45109141560547156	0.02031534800530689
41171	0.33211745083625993	0.5829699010188027	0.08491264814493728
41172	0.008205710409976124	0.07549822943236159	0.9162960601576623
41173	0.246344418234543	0.43773772815797235	0.31591785360748453
41174	0.008832420903080986	0.4708113716040876	0.5203562074928314
41175	0.9176192456276129	0.0067923722493805246	0.07558838212300659
41176	0.5263648931091102	0.2420471950921499	0.23158791179874003
41177	0.022019237183480842	0.03491759353642564	0.9430631692800935
41178	0.7104304191184018	0.20991435298225042	0.07965522789934781
41179	0.5851707498332508	0.001894914932293871	0.41293433523445544
41180	0.7455637810349312	0.20925406527993806	0.04518215368513078
41181	0.21803089755989408	0.23768304040820482	0.5442860620319012
41182	0.5705692981819142	0.18876201799625736	0.2406686838218286
41183	0.05831245440665661	0.14193770117231672	0.7997498444210267
41184	0.16637686661276507	0.254684378982178	0.5789387544050568
41185	0.805941885164662	0.08108906715299001	0.112969047682348
41186	0.4146496869489463	0.5280758757298131	0.0572744373212406
41187	0.032269677258898746	0.07774914880306208	0.8899811739380391
41188	0.3486737352631177	0.6019750011900223	0.049351263546860064
41189	0.4940796694468318	0.5045217788559176	0.0013985516972504126
41190	0.003099208517516128	0.7012410295423793	0.29565976194010457
41191	0.028930776193089574	0.27918457411256903	0.6918846496943415
41192	0.04390306064435425	0.2471335236126412	0.7089634157430046
41193	0.8194599526920235	0.1487650398331182	0.031775007474858334
41194	0.8638902863531319	0.012795353017047045	0.12331436062982111
41195	0.920162148359759	0.048044012811638045	0.03179383882860303
41196	0.0694713875869891	0.29203745009962273	0.6384911623133881
41197	0.11092130065773304	0.526032267423605	0.363046431918662
41198	0.3497916070739381	0.35708989631786126	0.2931184966082006
41199	0.002045488799908417	0.6381121726418822	0.3598423385582093
41200	0.08585417290507372	0.214320854575773	0.6998249725191533
41201	0.34666212472244706	0.2065576304332497	0.44678024484430323
41202	0.05730477059276415	0.011198544428049928	0.9314966849791857
41203	0.3263172375199612	0.01662724979785281	0.6570555126821861
41204	0.764498892920747	0.22688900366162754	0.008612103417625467
41205	0.22873308969515138	0.15320993406959738	0.6180569762352511
41206	0.0018977886791405648	0.4766824340217453	0.5214197772991142
41207	0.32131997048165817	0.5825499988870316	0.09613003063131018
41208	0.7543336735069662	0.09211708558473966	0.1535492409082941
41209	0.3841762653110608	0.18881939082098279	0.42700434386795627
41210	0.005321462414265483	0.018410881775891747	0.9762676558098426
41211	0.0003699602253087157	0.5082283362149234	0.4914017035597679
41212	0.7154294236529273	0.07391554242101815	0.21065503392605453
41213	0.007151715073316144	0.3078908326883812	0.6849574522383027
41214	0.08898512010770895	0.561853524303889	0.349161355588402
41215	0.004983662930183209	0.42692519591109773	0.5680911411587191
41216	0.7023900475673255	0.15732116996698783	0.14028878246568666
41217	0.5616046150958004	0.3764095251331148	0.061985859771084825
41218	0.3133323870525461	0.013406824473244722	0.6732607884742093
41219	0.0003250636599899606	0.186479558372265	0.813195377967745
41220	0.652953428287172	0.053728790685229795	0.29331778102759815
41221	0.730106830426941	0.18111444123412967	0.08877872833892926
41222	0.17202491879314138	0.7701612722769778	0.05781380892988069
41223	0.6064392498851257	0.05258489426432193	0.34097585585055246
41224	0.5433581857738775	0.2195094521756853	0.23713236205043717
41225	0.08706481569239156	0.1589075051310986	0.7540276791765097
41226	0.35914544782441454	0.19807289646329346	0.442781655712292
41227	0.4745672301840275	0.5144286985291865	0.011004071286785934
41228	0.49523775103697204	0.48846300294196227	0.016299246021065677
41229	0.09209436140219435	0.7868117371921742	0.12109390140563148
41230	0.9529693866236918	0.006137413335908305	0.04089320004039989
41231	0.9266824912858527	0.030710022486821652	0.04260748622732553
41232	0.043661535787692315	0.014266486911982804	0.9420719773003249
41233	0.3656011774159441	0.10329380609138707	0.5311050164926688
41234	0.4087684215391446	0.05538664307718765	0.5358449353836678
41235	0.05466378629205616	0.5288217120983222	0.4165145016096216
41236	0.7107225381542341	0.15821388513549775	0.13106357671026805
41237	0.17619474312323405	0.6669264879671145	0.15687876890965144
41238	0.06918275603410765	0.22911024840948493	0.7017069955564075
41239	0.004164532082711301	0.32489619589711266	0.670939272020176
41240	0.7977770357973422	0.09737645475438828	0.10484650944826952
41241	0.8625806644410269	0.037022791462695555	0.10039654409627746
41242	0.07021778963320464	0.6792496588339786	0.2505325515328167
41243	0.7985528922097564	0.0466206216965378	0.15482648609370575
41244	0.7667882460317894	0.12310606120812986	0.11010569276008086
41245	0.017118523141337365	0.7328378126683026	0.25004366419036006
41246	0.2746029793440219	0.6364069217177727	0.08899009893820542
41247	0.013352405840935475	0.33998824261386845	0.6466593515451962
41248	0.15609367176051725	0.6000892160616382	0.2438171121778444
41249	0.028670806939566248	0.8244549449466959	0.1468742481137378
41250	0.04023414447469168	0.7783482230176593	0.18141763250764908
41251	0.071404562342124	0.22563713379850878	0.7029583038593672
41252	0.3359120327903906	0.12662657246855127	0.5374613947410581
41253	0.6535139804763078	0.0896940560276044	0.2567919634960878
41254	0.2996516733575035	0.47494406828105995	0.22540425836143663
41255	0.5028269328539606	0.48682156486968203	0.010351502276357397
41256	0.41726614065321277	0.048116006051518084	0.5346178532952691
41257	0.011198979503507426	0.9217990519986341	0.06700196849785853
41258	0.29188411270247494	0.6320296930174382	0.07608619428008674
41259	0.002307837665939495	0.12751700333998744	0.870175158994073
41260	0.029943731776394537	0.12745696282671742	0.8425993053968881
41261	0.1525677781040434	0.11243487549166858	0.734997346404288
41262	0.1593611602121984	0.2644427250830262	0.5761961147047754
41263	0.07066036536456598	0.4561466915790362	0.47319294305639775
41264	0.0030411470966253437	0.2683010146441595	0.7286578382592153
41265	0.029816720858479116	0.41756020337002947	0.5526230757714915
41266	0.004780100511541639	0.5833720048687985	0.4118478946196599
41267	0.1889178311134824	0.034798949654765654	0.7762832192317519
41268	0.5194926659033197	0.13993464648881437	0.3405726876078659
41269	0.15448428084226096	0.1007401189112953	0.7447756002464437
41270	0.05862248202564671	0.19268853718623333	0.74868898078812
41271	0.5034609138594609	0.4071524182281351	0.08938666791240404
41272	0.7921417043880263	0.04185038465419589	0.1660079109577777
41273	0.15960189547228232	0.7629813352883306	0.0774167692393872
41274	0.040373592158988926	0.8344424232549021	0.12518398458610894
41275	0.3644889306283997	0.10808729904595578	0.5274237703256446
41276	0.049303482777641565	0.48772996466131746	0.4629665525610409
41277	0.009926012234553335	0.3122598532241954	0.6778141345412513
41278	0.014192285423685171	0.5993783949220912	0.38642931965422356
41279	0.22355461224356815	0.34108872009853863	0.4353566676578931
41280	0.41372074324619296	0.39167654206037755	0.19460271469342938
41281	0.11974919847291134	0.8382418114141642	0.04200899011292445
41282	0.3610239339901919	0.6085040270785518	0.03047203893125617
41283	0.6764014711760871	0.31828414059534255	0.0053143882285704575
41284	0.08697365663924464	0.041160488276634793	0.8718658550841205
41285	0.2401182665549689	0.04007137772513961	0.7198103557198915
41286	0.5112682922283902	0.02706087330970848	0.46167083446190127
41287	0.04196194612380069	0.7917009660558753	0.166337087820324
41288	0.15199057577775388	0.7879219985951808	0.06008742562706541
41289	0.004047879967263261	0.3404958409267497	0.655456279105987
41290	0.9449675818796485	0.003181602620832564	0.05185081549951893
41291	0.0005252644627603228	0.28750544368604564	0.711969291851194
41292	0.032174854496759414	0.28589637447985056	0.6819287710233899
41293	0.32873046279288787	0.1637558471020284	0.5075136901050837
41294	0.6813734421343608	0.11733403414256703	0.20129252372307224
41295	0.23203350938738404	0.6299561967224586	0.13801029389015745
41296	0.3760817901873192	0.38378514579816425	0.2401330640145167
41297	0.7559877887502114	0.15082521069541246	0.09318700055437605
41298	0.5726523542172378	0.29976548377631906	0.12758216200644298
41299	0.3184749393132591	0.345787795435249	0.3357372652514919
41300	0.3874362551790259	0.33155094307668626	0.2810128017442879
41301	0.05403816981319204	0.0778378113381669	0.868124018848641
41302	0.5021464515638117	0.45165740547257294	0.0461961429636153
41303	0.7723767294202168	0.06629393378531094	0.16132933679447223
41304	0.11973643275523696	0.5257155765093727	0.35454799073539023
41305	0.005604179485542635	0.7232013745004222	0.27119444601403503
41306	0.16200894134121177	0.11941686218391445	0.7185741964748737
41307	0.073564613340051	0.8748014873139306	0.051633899346018454
41308	0.1871719875890103	0.23102777279509815	0.5818002396158914
41309	0.5601875165225663	0.10093796722581737	0.3388745162516164
41310	0.18514226928840063	0.7037707158727514	0.111087014838848
41311	0.9362884631394884	0.024442253520346093	0.03926928334016565
41312	0.0030269190617780873	0.5920877493592357	0.4048853315789863
41313	0.005662155557200515	0.7255361741342851	0.26880167030851454
41314	0.1765692270113132	0.010090772324851711	0.813340000663835
41315	0.038339037092096934	0.8345691231136398	0.12709183979426317
41316	0.5667473576571007	0.4238642214428373	0.00938842090006192
41317	0.31824916530481046	0.6781723715211525	0.0035784631740371324
41318	0.5832804833218971	0.18718207574827017	0.22953744092983278
41319	0.2885875156916439	0.04732708244112402	0.6640854018672321
41320	0.006446978701493534	0.5497912357335423	0.4437617855649643
41321	0.4009486199850333	0.5541670104635885	0.044884369551378256
41322	0.8182429152675235	0.10863351868844742	0.07312356604402916
41323	0.005629914482607885	0.1768827985549354	0.8174872869624566
41324	0.00012295380241303706	0.1590917791657267	0.8407852670318602
41325	0.1575260580424052	0.5829772525774976	0.25949668938009723
41326	0.010742508338809914	0.039080626712492586	0.9501768649486974
41327	0.1390719185702578	0.6125147064211064	0.2484133750086358
41328	0.9391001224326683	0.055111985191490895	0.005787892375840804
41329	0.33797481169506166	0.6383449976966066	0.02368019060833174
41330	0.022344309524159653	0.05186799633900338	0.925787694136837
41331	0.21982007137571008	0.06428323380592807	0.7158966948183618
41332	0.11881454353949299	0.8300608859795281	0.05112457048097894
41333	0.5433484907485482	0.3694890637480514	0.08716244550340047
41334	0.07780794879837821	0.3148070450454191	0.6073850061562028
41335	0.40518884946111455	0.17601799345706667	0.41879315708181875
41336	1.2614709566340575e-05	0.005682651117419103	0.9943047341730147
41337	0.9067543952354595	0.06574674743752996	0.02749885732701059
41338	0.4769863773859308	0.30632713909323067	0.21668648352083844
41339	0.03619880371425476	0.15202139523467076	0.8117798010510744
41340	0.054308181861459685	0.650589301471046	0.2951025166674943
41341	0.22590696111896894	0.5802383673289719	0.19385467155205915
41342	0.23894341479106895	0.7537761028224869	0.0072804823864441245
41343	0.690249922889459	0.2810465144980535	0.028703562612487545
41344	0.2318120438317888	0.02936993081320268	0.7388180253550086
41345	0.6696723126719438	0.2698011528529907	0.060526534475065376
41346	0.14427485224960165	0.09769667927534686	0.7580284684750515
41347	0.29472603141217807	0.18254911660036918	0.5227248519874528
41348	0.9530047475179071	0.0021556156915531815	0.0448396367905399
41349	0.09025447352386448	0.6859628940907201	0.2237826323854155
41350	0.14525327767127932	0.0169280538015822	0.8378186685271386
41351	0.5772876024928838	0.026869023724408962	0.3958433737827072
41352	0.5053714886731734	0.46144292876178256	0.033185582565044024
41353	0.19805727321440583	0.7694383242200425	0.032504402565551635
41354	0.2395587746589869	0.3736755132647271	0.38676571207628596
41355	0.12345432690379768	0.8426946273090465	0.03385104578715583
41356	0.00565763803368566	0.10717729071897855	0.8871650712473357
41357	0.23186342207760388	0.0997359527581058	0.6684006251642903
41358	0.10592876871490105	0.12289998061924644	0.7711712506658525
41359	0.002205653222493137	0.6610712401838238	0.336723106593683
41360	0.43918204598329585	0.4996088045540895	0.06120914946261466
41361	0.002818772702477422	0.15886774000880877	0.8383134872887139
41362	0.17897712795899468	0.7539895529960817	0.06703331904492361
41363	1.765393713706763e-05	0.02961637216433716	0.9703659738985257
41364	0.0438347243772091	0.18775431224308403	0.7684109633797069
41365	0.5748207468384895	0.27989672589371534	0.14528252726779514
41366	0.06792928691030764	0.659128757025244	0.27294195606444827
41367	0.0067978156017170195	0.4642375469682601	0.528964637430023
41368	0.590731285125761	0.022074419027119235	0.3871942958471197
41369	0.01965557781298358	0.5474346817749155	0.432909740412101
41370	0.46852231989964815	0.5082151224283907	0.02326255767196126
41371	0.004217591377186087	0.18944559467130107	0.8063368139515128
41372	0.053881240245163976	0.16468668502731654	0.7814320747275194
41373	0.009099351481573138	0.7079616620313203	0.28293898648710664
41374	0.2321431760052559	0.0997974982476801	0.6680593257470641
41375	0.5530862779061287	0.11960432326685938	0.3273093988270118
41376	0.019957438243278693	0.5570002310584682	0.42304233069825314
41377	0.4725072850971537	0.37354742690449944	0.15394528799834697
41378	0.3991431429543591	0.3939030165933215	0.20695384045231957
41379	0.29003023087596413	0.5349647136659342	0.1750050554581017
41380	0.22497294645381274	0.3592643735023003	0.41576268004388706
41381	0.37443005631513204	0.6138039552361108	0.01176598844875726
41382	0.38384903994922154	0.2512461229101335	0.3649048371406449
41383	0.04711205289030962	0.08893244070393147	0.863955506405759
41384	0.15746203841521486	0.8127248259356918	0.029813135649093353
41385	0.8723934733315375	0.04091003481510773	0.08669649185335469
41386	0.01220610912947017	0.3305093993396433	0.6572844915308865
41387	0.31172342543015386	0.43131610460551134	0.25696046996433486
41388	0.6803676992702313	0.11381532324966175	0.205816977480107
41389	0.7461004685427592	0.1148794519271994	0.13902007953004142
41390	0.48966463753458167	0.15801854475070315	0.3523168177147152
41391	0.43339488125646	0.565126233182127	0.0014788855614130986
41392	0.7898053265305565	0.03646416651907039	0.17373050695037312
41393	0.6245005021027443	0.33877879581064074	0.036720702086614994
41394	0.5746087694379487	0.09205648677735968	0.3333347437846915
41395	0.002717505555314354	0.2104781034805436	0.7868043909641421
41396	0.07658398925730173	0.6585655327952603	0.264850477947438
41397	0.08995999955203693	0.8954634962155337	0.01457650423242932
41398	0.060883938438052836	0.734088550333675	0.20502751122827215
41399	0.02877712792177283	0.2520972283778751	0.7191256437003521
41400	0.40592068311473045	0.5279559759445497	0.06612334094071995
41401	0.005504179142280098	0.04012106873141635	0.9543747521263036
41402	0.006881356512773594	0.48503136823378196	0.5080872752534443
41403	0.7945087686174709	0.15676756899921157	0.04872366238331751
41404	0.0839589565314612	0.16712147714215891	0.7489195663263799
41405	0.09041086545364099	0.7331236586750779	0.17646547587128117
41406	0.05201046753309618	0.01817854669578921	0.9298109857711147
41407	0.02935232299472776	0.061872854136368234	0.9087748228689039
41408	0.4330314650316055	0.11829832471050361	0.4486702102578909
41409	0.12102848083965774	0.04564075223158062	0.8333307669287616
41410	0.07070613729807676	0.2921388935245604	0.6371549691773628
41411	0.17676820247927935	0.7804963976066606	0.04273539991406014
41412	0.46029932904962473	0.014353252544240205	0.5253474184061351
41413	0.45830032775807933	0.5167344139077197	0.024965258334200956
41414	0.02119359051155673	0.7992899055643216	0.1795165039241217
41415	0.07175947298843793	0.6923490400057017	0.23589148700586027
41416	0.797836134811014	0.11596035156170988	0.08620351362727612
41417	0.9183285760139429	0.0021439482633376227	0.07952747572271962
41418	0.8245546825768316	0.11641030478214454	0.05903501264102387
41419	0.2458791159981435	0.5307343584432082	0.22338652555864835
41420	0.9416257124015367	0.04846994830133471	0.009904339297128606
41421	0.023214164513832312	0.40261884434427553	0.5741669911418921
41422	0.11940848068299692	0.12973519629496252	0.7508563230220405
41423	0.9488507316868037	0.011832106609408533	0.03931716170378769
41424	0.01536168565131959	0.5248901863947049	0.4597481279539755
41425	0.6424688447567558	0.2865280426827076	0.07100311256053654
41426	0.34760985621630147	0.650922487624854	0.0014676561588445383
41427	0.00913296838142334	0.16581979103996944	0.8250472405786073
41428	0.7740464711403362	0.13521328865547375	0.09074024020419007
41429	6.468498957441073e-05	0.7963150802070218	0.20362023480340374
41430	0.787819071804153	0.1435658594516555	0.06861506874419146
41431	0.01949516386253963	0.6485369783099334	0.33196785782752697
41432	0.9207704950759624	0.02851899494720521	0.0507105099768323
41433	0.10203887581572046	0.01458914257205589	0.8833719816122235
41434	0.8012003618512737	0.1682019763049562	0.0305976618437701
41435	0.7949520656484191	0.2022699502669068	0.002777984084674103
41436	0.12552382835892836	0.07797116972470175	0.79650500191637
41437	0.3899733380542299	0.059370311413132794	0.5506563505326374
41438	0.24899668458559565	0.5086770564678015	0.2423262589466029
41439	0.16515982236210497	0.13050993130900407	0.7043302463288911
41440	0.6854099033774174	0.1618230209776749	0.15276707564490788
41441	0.6040851420926635	0.39542605097113204	0.0004888069362044868
41442	0.0036543068225554716	0.2427103269382225	0.753635366239222
41443	0.6203950923855032	0.1700208682747351	0.20958403933976177
41444	0.15471766351828906	0.059434528899083405	0.7858478075826275
41445	0.01743309209185204	0.9460958650293029	0.03647104287884502
41446	0.8122886023738914	0.07566927635730065	0.11204212126880793
41447	0.05132832550785943	0.1969585621579309	0.7517131123342098
41448	0.11300121018775441	0.8393817624977076	0.04761702731453803
41449	0.004206481391097658	0.46011031806183506	0.5356832005470672
41450	0.3458147163202269	0.3150474447408804	0.3391378389388927
41451	0.8307705292581294	0.0699950066436378	0.0992344640982328
41452	0.024403315747992847	0.2742133165065886	0.7013833677454187
41453	0.09712553138450261	0.18477001931159018	0.7181044493039072
41454	0.26330775225060643	0.721117413028398	0.015574834720995493
41455	0.2739650085621381	0.7088996333848409	0.017135358053020938
41456	0.7401730534548823	0.1321108692985485	0.1277160772465692
41457	0.09658014909094907	0.8936777294246195	0.009742121484431354
41458	0.008175728305206551	0.6074773628820208	0.3843469088127726
41459	0.2546766802792593	0.6343888168058279	0.11093450291491275
41460	0.7610675876610195	0.09403477495480093	0.14489763738417968
41461	0.8589037444186514	0.12255326241964364	0.018542993161705053
41462	0.45447285267571724	0.21753202452559026	0.3279951227986925
41463	0.19058145282585973	0.12105706379397617	0.688361483380164
41464	0.9691580610027489	0.022482759448619737	0.008359179548631433
41465	0.15659138624057942	0.10874059027121062	0.73466802348821
41466	0.29596072117821387	0.3881052300860673	0.31593404873571895
41467	0.05592513270978211	0.6823129078289477	0.26176195946127023
41468	0.6155153392323349	0.35344165794985144	0.031043002817813643
41469	0.5688127961757188	0.37517196032932365	0.05601524349495753
41470	0.7085055432851485	0.27379062075430366	0.017703835960548003
41471	0.11210118820573556	0.43530169758798715	0.4525971142062773
41472	0.6612849119244021	0.28009687429512864	0.05861821378046921
41473	0.5475051388997615	0.13435373807682124	0.3181411230234173
41474	0.08782803882157052	0.49795707028850017	0.4142148908899293
41475	0.08006055164305852	0.31361878799667126	0.6063206603602702
