40860	0.3274779584305569	0.13964725268791828	0.5328747888815248
40861	0.7809739736313651	0.18647418224992146	0.03255184411871341
40862	0.4091722849789048	0.44257818835019025	0.14824952667090502
40863	0.30063996257715714	0.27118474831420625	0.4281752891086366
40864	0.2978006313514185	0.04778932955024814	0.6544100390983334
40865	0.9999999961245967	3.825866930692915e-09	4.9536481512909154e-11
40866	0.03279810132907412	0.9444304223894338	0.022771476281492155
40867	0.01985006814891992	0.3150866797103585	0.6650632521407215
40868	0.1751488172747055	0.7960595038625367	0.02879167886275781
40869	0.6690149387474288	0.1550077994620134	0.17597726179055787
40870	0.21071586792054114	0.6340181514166476	0.15526598066281133
40871	0.2638969271040369	0.6732179620429117	0.06288511085305143
40872	0.0825942604330938	0.8627773205548034	0.054628419012102705
40873	0.17337161124936137	0.5631031166125213	0.2635252721381174
40874	0.5830426070401741	0.19857752158777336	0.2183798713720526
40875	0.5583518499031481	0.38058652013946054	0.0610616299573913
40876	0.14762444036398298	0.06281627288512749	0.7895592867508895
40877	0.999999999431846	2.313526697678845e-10	3.368012377544199e-10
40878	0.9101266030055779	0.06278923244466508	0.0270841645497572
40879	0.21304958131579896	0.33022578005644787	0.45672463862775325
40880	0.04261047973030529	0.17298564627442958	0.7844038739952651
40881	0.25269099689252494	0.06479496127873649	0.6825140418287384
40882	0.05519402657915415	0.7716434288755413	0.17316254454530458
40883	0.33419505130076493	0.39992915923647104	0.26587578946276413
40884	0.011981772653853003	0.004203193955772212	0.9838150333903747
40885	0.08429063588386816	0.027767693103864486	0.8879416710122673
40886	5.392444205637889e-06	0.4873398392404016	0.5126547683153928
40887	0.2598162874899489	0.7008701395122674	0.0393135729977838
40888	0.2795602145155637	0.6790559095122574	0.041383875972179004
40889	0.542627041247532	0.41839058380895244	0.03898237494351554
40890	0.6428476268709845	0.09874733599330669	0.2584050371357089
40891	0.17384033367756216	0.4883990000602531	0.3377606662621847
40892	0.8281096256170092	0.14971469365465215	0.02217568072833871
40893	0.1404886408827783	0.3413033648338923	0.5182079942833295
40894	0.3819986272878387	0.5900204167859506	0.027980955926210797
40895	0.3263961091912892	0.3693619765785119	0.3042419142301988
40896	0.09575551084708575	0.8621024092641343	0.0421420798887801
40897	0.05073396764491504	0.6641118900996354	0.28515414225544944
40898	0.4780186493077846	0.015592510707136497	0.5063888399850788
40899	0.413153470054581	0.5673134746144787	0.01953305533094043
40900	0.02377111068613878	0.7602034627899379	0.2160254265239233
40901	0.05178787100919806	0.936543523589565	0.011668605401236895
40902	0.05585622784740656	0.474990976989545	0.46915279516304853
40903	0.21372199964544467	0.5022849233027175	0.28399307705183785
40904	0.07068567975758633	0.9145862099418491	0.014728110300564588
40905	0.19428227926986097	0.684925188973546	0.12079253175659295
40906	0.17906716272857195	0.6781866758258036	0.14274616144562446
40907	0.3441829865350983	0.1902104926343227	0.4656065208305791
40908	0.36075504004741443	0.5832253830742847	0.056019576878300864
40909	0.040926238220489	0.11981267012957017	0.839261091649941
40910	0.002359644388913018	0.005375235555527723	0.9922651200555593
40911	0.35009011035670856	0.6068363985846803	0.04307349105861109
40912	0.07645542754178432	0.731093444034305	0.19245112842391068
40913	0.7152246438311558	0.22658114363268808	0.05819421253615619
40914	0.028897552179670185	0.3375589241967115	0.6335435236236182
40915	0.3964714539798735	0.30239406348407744	0.3011344825360491
40916	0.9431482294277997	0.016828904996152323	0.04002286557604813
40917	0.38681065312419716	0.551846270489419	0.0613430763863838
40918	0.5713662610800324	0.2328448184575073	0.19578892046246021
40919	0.7174833736303089	0.15784454741047846	0.12467207895921274
40920	0.1446273496785643	0.3033218908868802	0.5520507594345556
40921	0.6159328262455759	0.37334772501846036	0.010719448735963689
40922	0.5280319205558925	0.20102787976607545	0.270940199678032
40923	0.29242293837118133	0.5647509740999654	0.14282608752885323
40924	0.14103058325562415	0.8023288456795514	0.056640571064824445
40925	0.009237496469972203	0.1434938777289944	0.8472686258010335
40926	0.1789481065814234	0.8019987941211502	0.019053099297426365
40927	0.7161446514626764	0.031646848305217815	0.2522085002321058
40928	0.6014525225661017	0.15758647450046287	0.24096100293343548
40929	0.03130152318510762	0.11486386997221042	0.853834606842682
40930	0.19192352461435705	0.7809628847300426	0.027113590655600334
40931	0.03457328741655207	0.039872397014049384	0.9255543155693986
40932	0.10602943188688829	0.01712008987935863	0.8768504782337532
40933	0.004194328467808298	0.11701076937214225	0.8787949021600494
40934	0.2835904093623639	0.5611314302221172	0.15527816041551884
40935	0.2450502612397142	0.707446554750794	0.04750318400949186
40936	0.4065931268884452	0.49769981112554995	0.09570706198600476
40937	0.1928359830754369	0.09335201296634907	0.7138120039582141
40938	0.007604150024710577	0.022469259848939604	0.9699265901263499
40939	0.2865629514792274	0.5767959104377847	0.13664113808298803
40940	0.019939822429511735	0.023828271732424168	0.9562319058380641
40941	0.3557838815354246	0.2580573176047084	0.386158800859867
40942	0.13553193813791636	0.836176589194859	0.0282914726672246
40943	0.08818563675474399	0.8649226898915245	0.0468916733537314
40944	0.03835278945816905	0.039753583160507276	0.9218936273813236
40945	0.03278559813154012	0.887383539118638	0.07983086274982197
40946	0.720535709371019	0.20076418717464667	0.07870010345433434
40947	0.5422635836012187	0.2600667405747896	0.19766967582399161
40948	0.7078879522878995	0.26272798058111624	0.02938406713098421
40949	0.015928878019616486	0.20287593495113843	0.7811951870292451
40950	0.16870154480759947	0.42069501180275337	0.4106034433896471
40951	0.07412712466230323	0.1385095204086561	0.7873633549290406
40952	0.7896778323690541	0.15507046129828025	0.05525170633266568
40953	0.08932921709715119	0.8024792894118042	0.10819149349104454
40954	0.1594503519010953	0.46520754244020157	0.37534210565870313
40955	0.1711252489466393	0.025611356349374857	0.8032633947039859
40956	9.715150885921785e-38	0.0019374332564366151	0.9980625667435634
40957	0.2830035573627128	0.446930678960885	0.2700657636764022
40958	0.021709874575407958	0.07642880622903238	0.9018613191955597
40959	0.2501442632281681	0.5592955813542889	0.190560155417543
40960	0.07733741211198383	0.8387775191661998	0.08388506872181639
40961	9.037712814674021e-05	0.005768660052384255	0.994140962819469
40962	0.0019202565701753264	0.0835561065882867	0.914523636841538
40963	0.454221714912408	0.08998498322210363	0.45579330186548833
40964	0.10632552954710837	0.8339378536121171	0.059736616840774505
40965	0.348879278417394	0.5660594700826928	0.0850612514999132
40966	0.6377720124008665	0.3599447037599409	0.002283283839192675
40967	0.04123148705540521	0.9421023106217703	0.016666202322824484
40968	0.14337856459990767	0.009852863051482957	0.8467685723486095
40969	0.11072830267664928	0.16435531949832335	0.7249163778250274
40970	0.06323583834378585	0.12911609980104255	0.8076480618551715
40971	0.43145564111063645	0.35647155250233753	0.212072806387026
40972	0.00017338316261473382	0.01437401105402264	0.9854526057833625
40973	0.08570982019536111	0.8470679866038053	0.0672221932008335
40974	0.015092754053538158	0.8938152150434521	0.09109203090300973
40975	0.5447554042159084	0.2743863324516006	0.18085826333249092
40976	0.11603331519856121	0.8235709043673937	0.06039578043404514
40977	0.057063867691477324	0.08241218173648648	0.8605239505720361
40978	0.49233275237033886	0.3215614576257696	0.18610579000389144
40979	0.4102121775906071	0.46282517257479	0.12696264983460287
40980	0.5701671392753712	0.2718271667792079	0.1580056939454209
40981	0.012743879827933376	0.8996063084766323	0.08764981169543441
40982	0.21548897114470714	0.7101767116312815	0.07433431722401136
40983	0.8476244975741262	0.08027769341645401	0.07209780900941978
40984	0.20717186703520346	0.16654305694097796	0.6262850760238184
40985	0.127461424673815	0.6278667352726297	0.24467184005355536
40986	0.06450394631519767	0.6548702262749687	0.28062582740983366
40987	0.296240636997591	0.6815184353390528	0.02224092766335618
40988	0.014322346283415504	0.17557464742549495	0.8101030062910894
40989	0.32640576093736223	0.5424359932187491	0.1311582458438887
40990	0.0852530172046257	0.621362852661178	0.29338413013419634
40991	0.019212502264576124	0.42019466703293906	0.5605928307024848
40992	0.43349492773623616	0.4072930577577453	0.15921201450601838
40993	0.0744487274026585	0.49380724587852115	0.4317440267188204
40994	0.011139361683809012	0.006574263526252394	0.9822863747899386
40995	0.4299841400022453	0.5523199513698341	0.017695908627920684
40996	0.561210080307723	0.23847566036009557	0.20031425933218136
40997	0.8767746699569207	0.11592460031000784	0.0073007297330716404
40998	0.24771295938446594	0.5847725735330286	0.16751446708250547
40999	0.40930268593431085	0.49810081667449724	0.09259649739119191
41000	0.0004372365509247226	0.013814502085596828	0.9857482613634785
41001	0.2885815269737689	0.6869813616058712	0.02443711142035989
41002	0.03883128874631288	0.770065135182801	0.19110357607088616
41003	0.056168113868429445	0.8591285917055358	0.08470329442603476
41004	0.03213869091056212	0.07289727614579937	0.8949640329436386
41005	0.17450753329041388	0.4233146638579154	0.4021778028516707
41006	0.7245694460976506	0.24520548654025864	0.03022506736209073
41007	1.0	7.781161492157464e-22	9.955430771016021e-24
41008	0.2364914771653924	0.4534642505182944	0.3100442723163131
41009	0.008114550872779694	0.016134606758011583	0.9757508423692086
41010	0.7459145904838373	0.14403185631233742	0.11005355320382516
41011	0.3313851479007681	0.5685507491846268	0.10006410291460514
41012	0.26219413003422865	0.5688225745630863	0.16898329540268509
41013	0.06200055466347347	0.6984133580766175	0.23958608725990893
41014	0.1492357688296466	0.7198550156186827	0.1309092155516708
41015	0.7484994924209596	0.21732755198758527	0.034172955591455
41016	0.0204305062236941	0.28917146285901163	0.6903980309172942
41017	0.4402674348373168	0.1382653462640692	0.421467218898614
41018	0.5730674982021392	0.08590906329715181	0.3410234385007089
41019	0.019495148366751723	0.379418090825606	0.6010867608076423
41020	0.2525353210786774	0.5912310276303571	0.15623365129096564
41021	0.11308073476755705	0.5957395433105551	0.29117972192188785
41022	0.638721876465961	0.26065109853388696	0.10062702500015208
41023	0.22909354651806266	0.2057846563700816	0.5651217971118558
41024	6.740197283440921e-05	0.00010746912686586459	0.9998251289002996
41025	0.6077971327247219	0.3617871079440933	0.030415759331184754
41026	0.3165011177593051	0.3984977328556619	0.28500114938503296
41027	0.46643891321507447	0.11830073561033527	0.41526035117459037
41028	0.0007394390103520851	7.4889024344335e-06	0.9992530720872135
41029	0.02563457586922259	0.00012958898380417816	0.9742358351469733
41030	0.6485486196226906	0.3142723037530233	0.03717907662428607
41031	0.4799913108033822	0.008469706285977175	0.5115389829106406
41032	0.2279331663849828	0.54771889752354	0.22434793609147724
41033	0.06963566175105786	0.32574568098905476	0.6046186572598874
41034	0.12112083267594904	0.15387936543361305	0.724999801890438
41035	0.2941432722383872	0.14475713993384348	0.5610995878277694
41036	0.03575536613192871	0.65694699982868	0.3072976340393913
41037	0.5814982788108075	0.2789232165316402	0.13957850465755242
41038	0.35074257577592066	0.15440837925200807	0.49484904497207133
41039	0.2081118111657328	0.6566726616310046	0.1352155272032626
41040	0.27741699909690304	0.40794577108358304	0.31463722981951386
41041	0.1233758865055316	0.21208579548904272	0.6645383180054257
41042	0.6769140772406841	0.17084923468277224	0.15223668807654353
41043	0.14654675219724958	0.8236321911421285	0.02982105666062189
41044	0.17223306801274488	0.7465130664396074	0.08125386554764781
41045	0.08877327138438709	0.5173207425216507	0.3939059860939622
41046	0.3401147256066864	0.40987066703680614	0.25001460735650743
41047	0.35476868771600245	0.1039166167026939	0.5413146955813035
41048	0.9002695524536091	0.06493301179108515	0.03479743575530592
41049	0.24763428119808284	0.4861482673520351	0.266217451449882
41050	0.04306496451031405	0.3099339490388749	0.647001086450811
41051	0.9121931454435283	0.05809059698468857	0.02971625757178312
41052	0.7722046803508938	0.12801267113872572	0.09978264851038052
41053	0.9999999246484778	4.82040652429123e-08	2.714745698784369e-08
41054	0.5941496463656504	0.33546235641866723	0.07038799721568237
41055	3.437417479026503e-15	0.09477958371798276	0.9052204162820138
41056	0.009881337994216408	0.12147065349097347	0.8686480085148102
41057	0.07392962010793032	0.5441737448977184	0.38189663499435134
41058	0.314456646811591	0.4942277905172633	0.19131556267114583
41059	0.09632274222149631	0.526187931647664	0.37748932613083963
41060	0.3599428300969689	0.34098889666628857	0.2990682732367424
41061	0.03772014943261057	0.08680874924547793	0.8754711013219114
41062	0.06878703577484736	0.10683497810392656	0.8243779861212259
41063	0.5108587718249308	0.3935121712750302	0.09562905690003903
41064	0.01700932767646798	0.8999169160546371	0.08307375626889484
41065	0.00012043309926497165	0.11599023044078223	0.8838893364599527
41066	0.2975529004174077	0.5995208606230152	0.10292623895957699
41067	0.00668126573176105	0.02098507811899365	0.9723336561492454
41068	0.16448096878273197	0.33483995551792917	0.5006790756993389
41069	0.8883926806494539	0.10277913639744007	0.00882818295310616
41070	0.05223385893822114	0.15755825304828983	0.7902078880134891
41071	0.3356755461792131	0.5590629481195399	0.1052615057012469
41072	0.8674308250609971	0.10173885781757805	0.030830317121424797
41073	0.1665079554508123	0.1763725891582365	0.6571194553909512
41074	0.4647327231628906	0.26616751303658875	0.2690997638005207
41075	0.05967178555654309	0.75095180663565	0.1893764078078069
41076	0.44744800293870723	0.30925877554734527	0.2432932215139475
41077	0.9999992847195762	6.159375213002877e-07	9.934290243409518e-08
41078	0.25656413486754504	0.3952434013861154	0.34819246374633955
41079	0.7847250358667254	0.11943394722562493	0.0958410169076497
41080	0.10701301541099242	0.8471392891559203	0.045847695433087254
41081	0.0021810706747372953	0.0016610262451555655	0.996157903080107
41082	0.046460306181066016	0.024001830421207373	0.9295378633977267
41083	0.2220390452136082	0.5096170617728601	0.26834389301353173
41084	0.20211730977020043	0.738929880929602	0.05895280930019754
41085	0.5208316413827876	0.2798158613779957	0.1993524972392168
41086	0.8291450641547807	0.10827108822706163	0.06258384761815755
41087	0.9998262257274739	5.250385262772336e-05	0.00012127041989843328
41088	0.21936884479706417	0.39840210130854165	0.3822290538943942
41089	0.2516152887803185	0.08980090978870643	0.658583801430975
41090	0.7193924631687314	0.13007804030756553	0.150529496523703
41091	0.034511066045002065	0.11046734819787966	0.8550215857571183
41092	0.10488932837642713	0.1678574209731077	0.7272532506504651
41093	0.0660936459802556	0.10544587554728645	0.8284604784724579
41094	0.6755574086597743	0.11098086203575996	0.21346172930446583
41095	0.3305627835164008	0.6419076321688462	0.02752958431475313
41096	0.4341912621454529	0.21386301403744057	0.35194572381710654
41097	0.5038491063975976	0.48562614002799015	0.010524753574412156
41098	0.031830039244031334	0.015563119758115217	0.9526068409978536
41099	0.11388792003776672	0.760527367995387	0.1255847119668463
41100	0.26798414243513424	0.4857888094145171	0.24622704815034877
41101	0.340114090158048	0.18124504557067073	0.4786408642712813
41102	0.010494412272879524	0.4495014224871165	0.5400041652400039
41103	0.042935932598765734	0.6588432677949118	0.29822079960632253
41104	0.026875212025997717	0.9207200229851129	0.05240476498888929
41105	0.2930392585088294	0.49621462332513067	0.2107461181660398
41106	0.3456392631888003	0.5267619534778041	0.12759878333339555
41107	0.19836900472513047	0.2569775500952323	0.5446534451796373
41108	7.368848054895966e-05	0.0003536901066952649	0.9995726214127557
41109	0.4659660933215339	0.34644377060864623	0.18759013606982003
41110	1.4055400065107022e-19	0.11164705029097356	0.8883529497090265
41111	0.16108226923041835	0.7582740686800153	0.08064366208956644
41112	0.11723849551858917	0.8042030799407237	0.0785584245406871
41113	0.7993604806660516	0.08251511886655884	0.11812440046738945
41114	0.6623039363662239	0.2837216047144402	0.05397445891933595
41115	0.9238114104993477	0.05059696066705139	0.0255916288336008
41116	0.3113449246740875	0.5342555254547044	0.15439954987120807
41117	0.03180543934198747	0.02851572553827865	0.9396788351197339
41118	0.7057444908778405	0.2805087515742032	0.013746757547956396
41119	0.03789125537147372	0.010606184166552967	0.9515025604619735
41120	0.9999999999997571	2.2583378898811945e-13	1.7206594285425957e-14
41121	0.10793894808409374	0.2353944742443519	0.6566665776715545
41122	0.10261554038362297	0.014649089191580806	0.8827353704247962
41123	0.33094839265820225	0.0017593054337101208	0.6672923019080876
41124	0.3629796900398003	0.5311483642919228	0.1058719456682769
41125	0.2846741112170639	0.6521938628892524	0.06313202589368377
41126	0.44760913484189757	0.1631467077481097	0.3892441574099926
41127	0.8205402364737084	0.1636241282970491	0.015835635229242594
41128	0.020964598881061166	0.8029263687222294	0.17610903239670941
41129	0.23112593588406555	0.41677782196983887	0.35209624214609553
41130	0.07573027515195321	0.056897232992659044	0.8673724918553877
41131	0.20786285494651116	0.6876347313676568	0.10450241368583194
41132	0.025602698959978527	0.06294143583611662	0.9114558652039048
41133	0.35731980219829895	0.44254640255380334	0.20013379524789773
41134	6.045539010357153e-35	0.03916987328696863	0.9608301267130315
41135	0.29917710050937174	0.1453340331446124	0.5554888663460158
41136	0.10345972947003394	0.7981984327892807	0.09834183774068533
41137	0.49042944783243836	0.41418868967024147	0.09538186249732009
41138	0.20499167385596562	0.5323946058659259	0.26261372027810853
41139	0.15828492079776996	0.36168292733125174	0.4800321518709783
41140	0.8559673661416957	0.04585929963038714	0.0981733342279172
41141	0.01895936107342826	0.01599350113170134	0.9650471377948704
41142	0.289701767699145	0.5345131061945871	0.17578512610626792
41143	0.24545519950947792	0.16339606334590767	0.5911487371446145
41144	0.1694597797530506	0.8104460335617415	0.02009418668520788
41145	0.32733078751253053	0.44530102993511017	0.22736818255235924
41146	0.8306167576283053	0.09195356180789295	0.07742968056380178
41147	0.44073113904366273	0.3294444012064829	0.22982445974985427
41148	0.3072218351304462	0.21413628454995254	0.47864188031960136
41149	0.1745828947862945	0.40182307462891237	0.42359403058479317
41150	0.13115996114398712	0.047121510186784885	0.821718528669228
41151	0.18903771601606553	0.7951086356526288	0.015853648331305693
41152	1.8267194650449874e-08	6.340251233332421e-06	0.999993641481572
41153	0.33968454370630347	0.49497842960092836	0.16533702669276804
41154	0.4106608319377117	0.37109958376917274	0.21823958429311552
41155	0.2577956095485111	0.2323929639687781	0.5098114264827107
41156	3.4752764448715364e-05	0.02911281681369683	0.9708524304218542
41157	0.3018314961389348	0.6029188327482192	0.09524967111284594
41158	1.859408825910433e-25	0.0028893883535308883	0.9971106116464692
41159	0.4226614451284436	0.5139352590684283	0.063403295803128
41160	0.5699344434327085	0.4129528525752651	0.017112703992026395
41161	0.1890595365051168	0.20372418086737676	0.6072162826275064
41162	0.3690297637559296	0.054576025119137776	0.5763942111249326
41163	0.0016048678432938651	0.005380129296439856	0.9930150028602663
41164	0.057195956530021956	0.11090161100352006	0.831902432466458
41165	0.007624186164811226	0.03852200671765118	0.9538538071175376
41166	0.1287566468185718	0.5636804398910952	0.30756291329033303
41167	0.2640214654732378	0.699297640570422	0.03668089395634022
41168	0.839021290052851	0.13493421796897007	0.026044491978179023
41169	0.7269689170431746	0.2267055637544587	0.04632551920236677
41170	0.19721935330646	0.7427558808121253	0.060024765881414664
41171	0.7330336513571384	0.15600590315833124	0.11096044548453025
41172	0.14109449071488622	0.05910640575035248	0.7997991035347612
41173	0.8962863629181026	0.06840881499356752	0.035304822088329996
41174	0.024103235725327285	0.07281435867140164	0.903082405603271
41175	0.2158700014388168	0.010061531281839722	0.7740684672793435
41176	0.3434109262176913	0.5120604163186664	0.1445286574636424
41177	0.02488218908097197	0.15767727945316226	0.8174405314658657
41178	0.7694366626585719	0.16924589833234802	0.0613174390090801
41179	0.3171565422468586	0.004938659181574095	0.6779047985715674
41180	0.5789671388776144	0.29968726605955015	0.12134559506283547
41181	0.24144635972351652	0.05287344633971075	0.7056801939367728
41182	0.2433698016540561	0.4398720982585376	0.3167581000874063
41183	0.0034297470427184775	0.011460518763264982	0.9851097341940166
41184	0.061391273531279524	0.1438430730648757	0.7947656534038446
41185	0.4346175535764409	0.37810952102057416	0.18727292540298496
41186	0.9771426343474401	0.0179507620097809	0.0049066036427791
41187	1.3539507542647321e-05	0.29502488074917665	0.7049615797432807
41188	0.05908427194969367	0.5331855299011039	0.40773019814920247
41189	0.07616559516867577	0.9216104134274956	0.0022239914038285763
41190	0.30511174112982364	0.6520490800872973	0.04283917878287895
41191	0.005368384110510422	0.016983860308519165	0.9776477555809703
41192	0.03905154700495277	0.012378633160110638	0.9485698198349367
41193	0.8045657826975525	0.13821486133499086	0.05721935596745682
41194	0.06186268513017906	0.00038106435481973823	0.9377562505150013
41195	0.9999999999999765	1.8143294443501166e-14	5.2261228085924e-15
41196	0.24787704541694133	0.1225521115009404	0.6295708430821182
41197	0.20784155021155887	0.28303587318791784	0.5091225766005234
41198	0.15180762114653557	0.09595420387994875	0.7522381749735156
41199	0.05004577368415782	0.3410239281493484	0.6089302981664937
41200	0.4762182120946833	0.07208243754612258	0.45169935035919406
41201	0.3794398439343738	0.45106448527621157	0.16949567078941463
41202	0.0012451400509996334	0.0019948805927877088	0.9967599793562126
41203	0.0269179538469359	0.029257118278809648	0.9438249278742543
41204	0.7219457872997532	0.2247849200378852	0.053269292662361425
41205	0.2351360723713136	0.30868777826963856	0.4561761493590478
41206	0.1801212017942041	0.3707925607257637	0.4490862374800323
41207	0.3363702354908735	0.5130058502816705	0.150623914227456
41208	0.22812128382875424	0.6325792422632006	0.1392994739080451
41209	0.41940207249697403	0.45325931134821495	0.12733861615481107
41210	0.00860648795414014	0.027498014713704912	0.963895497332155
41211	0.006042908790652774	0.4799336847435637	0.5140234064657836
41212	0.03593056357015167	0.006377116574801226	0.957692319855047
41213	0.023655659017228745	0.06872112584530614	0.9076232151374651
41214	0.2771109139397991	0.5213590082828822	0.20153007777731868
41215	0.02018547274023836	0.005556848391438118	0.9742576788683236
41216	2.1275608512692296e-20	0.01957979240651924	0.9804202075934808
41217	0.5698453489786894	0.3964055619597224	0.033749089061588196
41218	0.14147390026365686	0.10447391505796133	0.754052184678382
41219	0.027499759781345445	0.18150223249694733	0.7909980077217073
41220	0.5136155899563268	0.19879861918515765	0.2875857908585155
41221	4.434114364929986e-25	0.08502496716683307	0.9149750328331668
41222	0.06911230227500267	0.6002303105286483	0.330657387196349
41223	0.6273069201230517	0.23586061143264406	0.13683246844430433
41224	0.21624443634298574	0.37237522687093605	0.41138033678607827
41225	0.009262162394156068	0.025564522990100147	0.9651733146157437
41226	0.3821819681509756	0.3430820946585129	0.27473593719051154
41227	0.5827784986137335	0.2941074813035692	0.12311402008269735
41228	0.33656781078811143	0.5510457992582879	0.1123863899536007
41229	0.36537470784303117	0.618382581789101	0.016242710367867903
41230	0.9737277646340086	0.002576890396530616	0.023695344969460713
41231	0.8429206102957106	0.12619864455360175	0.030880745150687575
41232	3.2735264154512953e-16	0.02037930015391906	0.9796206998460804
41233	0.15704664284434414	0.13403323134047368	0.7089201258151822
41234	0.08760886727072449	0.10096569133891024	0.8114254413903653
41235	0.1349243483081197	0.8477574593055672	0.01731819238631298
41236	0.34217345113612896	0.6143612195134053	0.043465329350465924
41237	0.3871000939329095	0.446852666013243	0.16604724005384755
41238	0.3744473533093653	0.5233885011325169	0.10216414555811774
41239	0.30082822858891867	0.021773602166131414	0.6773981692449499
41240	0.7802989447635819	0.2007170441548572	0.01898401108156092
41241	0.6597433035952799	0.21882361417221716	0.12143308223250289
41242	0.23186015917198927	0.6580457708415213	0.11009406998648952
41243	0.8597634454422061	0.09353879489440647	0.04669775966338753
41244	0.35386586094697176	0.20217788085808974	0.44395625819493845
41245	0.1086644039445425	0.8355820044704054	0.05575359158505208
41246	0.11954192968236844	0.6311575915813701	0.24930047873626143
41247	0.08740331152003489	0.10503521949260665	0.8075614689873586
41248	0.45046364494351854	0.3673106508788586	0.18222570417762285
41249	0.038306042213501854	0.6103819797926818	0.35131197799381636
41250	0.8297668535920656	0.1573755743536715	0.01285757205426295
41251	0.11675103276700739	0.7302437166592394	0.15300525057375322
41252	0.6549893701064847	0.08001394089910423	0.26499668899441103
41253	0.4660775908720662	0.45082061040163596	0.08310179872629789
41254	0.19635660143302994	0.6546027353693972	0.14904066319757286
41255	0.17385566133471486	0.4268136161325232	0.39933072253276186
41256	3.629987853153082e-106	6.841614310769242e-07	0.9999993158385689
41257	0.14128729339665214	0.7468443692096544	0.11186833739369362
41258	0.3032249813995879	0.48687860018032947	0.2098964184200827
41259	4.499533188648446e-06	9.484520383700763e-05	0.9999006552629742
41260	0.3827286665876654	0.037717903603644784	0.5795534298086897
41261	0.431009682857301	0.335602743980661	0.233387573162038
41262	0.6928021180797423	0.16031390352259584	0.14688397839766187
41263	0.20135459785743828	0.1409965765653037	0.6576488255772581
41264	0.017955305982342514	0.08767654098559506	0.8943681530320624
41265	0.1978272480855182	0.5855327357427961	0.2166400161716857
41266	0.2839444222382339	0.507202318784072	0.2088532589776941
41267	0.015036255474050199	0.19747432226452832	0.7874894222614216
41268	0.49674145148787596	0.3174211887126701	0.18583735979945387
41269	1.3858910281386993e-36	0.02554460355417335	0.9744553964458268
41270	0.999998110458222	1.6408171498639546e-06	2.487246281751639e-07
41271	0.2701953887432284	0.26784906712076784	0.46195554413600376
41272	0.546888750763882	0.16169332428319502	0.29141792495292296
41273	0.2027412936203757	0.6517115131036728	0.14554719327595145
41274	0.09032589575214785	0.82591089205507	0.08376321219278225
41275	0.0832908443736018	0.7533313981260285	0.1633777575003698
41276	0.12123771267567557	0.5433143653550467	0.3354479219692777
41277	0.15117396011905787	0.4783406598983496	0.3704853799825925
41278	0.16205393138415983	0.36194052258913223	0.476005546026708
41279	0.2125104894516715	0.6002322225738013	0.18725728797452723
41280	0.3232673241662819	0.28812267481399817	0.38861000101971993
41281	0.047932980071553104	0.9455198928930996	0.006547127035347254
41282	0.18138297183558896	0.7700361139229815	0.04858091424142943
41283	0.22863352222115577	0.7310323499453538	0.04033412783349043
41284	0.037022216242480456	0.0903936345766669	0.8725841491808527
41285	0.9999492917291971	7.970905160416589e-06	4.2737365642471054e-05
41286	0.18581191215088969	0.14276325146361718	0.6714248363854931
41287	0.22007485490499945	0.6994905373965421	0.08043460769845852
41288	0.3480771888261213	0.35681740100814624	0.29510541016573255
41289	0.39127122781345014	0.40457697817046256	0.2041517940160874
41290	0.8555567128000282	0.011830727554396629	0.13261255964557497
41291	0.05232805428790508	0.035408774689389196	0.9122631710227056
41292	0.14007227951164686	0.26202415023718156	0.5979035702511716
41293	0.09265981472015129	0.008274073016761448	0.8990661122630873
41294	0.17986932817618922	0.11806882925494593	0.702061842568865
41295	0.1675951692455345	0.7134444322510731	0.11896039850339235
41296	0.3329791725777903	0.4713031791216117	0.19571764830059796
41297	0.5618340859751308	0.37436399578794116	0.06380191823692795
41298	0.2945278571774756	0.4265442123504472	0.2789279304720771
41299	0.06622114839909247	0.5966224109932897	0.33715644060761785
41300	0.3868610381061643	0.5750551186086986	0.038083843285137024
41301	4.173547434120212e-61	0.0006668593811723	0.9993331406188278
41302	0.6997888721931944	0.2731855857617393	0.027025542045066294
41303	0.3257843109108838	0.21154087716431183	0.4626748119248043
41304	0.7230209548026899	0.22280928771188854	0.05416975748542157
41305	0.06874493853461235	0.8494558437771104	0.08179921768827726
41306	0.28563990296511566	0.48440826464649145	0.22995183238839295
41307	0.23453284251104575	0.45804171160263146	0.30742544588632276
41308	0.8364472628119258	0.07856271861078301	0.08499001857729102
41309	3.8478975620169114e-22	0.009008581733853695	0.9909914182661463
41310	0.9999999996281579	3.6435669273698034e-10	7.485409275116841e-12
41311	0.9898013798296007	0.0007537365458689721	0.009444883624530243
41312	0.03208943020074955	0.4534341809130058	0.5144763888862447
41313	0.13392641727541768	0.5444974178170776	0.3215761649075047
41314	0.2197161930579988	0.18444061234827103	0.5958431945937301
41315	0.19648718259091374	0.6863485411290484	0.11716427628003788
41316	0.08678737018409066	0.9008769407270758	0.0123356890888336
41317	0.18539465019627216	0.7412399278543923	0.07336542194933544
41318	0.29087857564989356	0.5280343491536144	0.1810870751964921
41319	0.09660671139397986	0.02822219781383825	0.8751710907921818
41320	0.11157362501929786	0.7216203902393962	0.16680598474130606
41321	0.1583873003035321	0.8313656801518428	0.010247019544625185
41322	0.9000273342967215	0.08295839504881561	0.01701427065446285
41323	0.021308338808825517	0.10051926199377055	0.8781723991974039
41324	6.646587352008788e-05	0.0006225776830628447	0.999310956443417
41325	0.24500393031024403	0.5290165831864225	0.22597948650333344
41326	0.010916207735971028	0.031036961932891967	0.9580468303311369
41327	0.19017593023120352	0.7692226666888521	0.04060140307994454
41328	0.9289188318399608	0.057298461959568156	0.013782706200471126
41329	0.2518348482527015	0.4254797068561344	0.3226854448911642
41330	0.028681051512279503	0.08634352962451787	0.8849754188632027
41331	0.2984585815412497	0.5212510169336717	0.18029040152507864
41332	0.16015254006507637	0.6306905249103361	0.20915693502458754
41333	0.04950630687608088	0.934075809911541	0.016417883212378206
41334	0.15000440878713375	0.46651469415021246	0.38348089706265376
41335	0.24211599565123534	0.4845042061419548	0.2733797982068099
41336	8.718547196145661e-06	1.3073977065581913e-05	0.9999782074757381
41337	0.7914664434647843	0.1445045454984881	0.06402901103672753
41338	0.4531266916278706	0.2984414721365727	0.24843183623555673
41339	0.10389366468662949	0.3272966022077249	0.5688097331056456
41340	0.39476419971473575	0.052627943958885544	0.5526078563263787
41341	0.3846742252962647	0.3512040783058049	0.2641216963979304
41342	0.04882465761910849	0.9378068629512349	0.013368479429656481
41343	0.700739574155098	0.08612240403270091	0.21313802181220118
41344	0.40651222050400976	0.12310030814041889	0.4703874713555714
41345	0.15257407958110947	0.45463967391781107	0.3927862465010795
41346	0.08047959535626494	0.3476096496131016	0.5719107550306334
41347	0.6762841797566338	0.20027479183237842	0.12344102841098782
41348	0.9999999999999392	2.903749678397819e-14	3.1671919632375944e-14
41349	0.1593256320343632	0.7560291575607703	0.08464521040486657
41350	0.017189176913120267	0.009440757715322767	0.9733700653715569
41351	0.2709904371931543	0.10030947142152931	0.6287000913853165
41352	0.13173876888562197	0.47133469534751543	0.39692653576686254
41353	0.08547941313586528	0.8902952395595447	0.024225347304589983
41354	0.25102627244215514	0.24199510654716433	0.5069786210106805
41355	0.18703073978322252	0.7867988034185264	0.026170456798251203
41356	0.006601195711858125	0.2562880492115594	0.7371107550765825
41357	0.1972905703705876	0.16055767966598972	0.6421517499634227
41358	0.1728469323617223	0.27067710494070535	0.5564759626975724
41359	0.032793116712251165	0.9378846645974203	0.029322218690328593
41360	0.567618916408703	0.17723013581108962	0.25515094778020747
41361	0.0039574664529456	0.017516284315618524	0.9785262492314359
41362	0.39100795634287583	0.5499767236412786	0.059015320015845585
41363	3.5664046159276896e-11	2.369049418085211e-08	0.9999999762738417
41364	0.1233697763556621	0.8202155564256016	0.05641466721873629
41365	0.07857338695162529	0.19969022114522558	0.7217363919031491
41366	0.55384394385916	0.2461426055458819	0.20001345059495815
41367	0.10541791513237155	0.8169426246971448	0.07763946017048348
41368	0.6936832737273592	0.11100109588802454	0.19531563038461627
41369	0.11161922297833744	0.6538936758361443	0.23448710118551827
41370	0.6130245943509032	0.3508784910900657	0.03609691455903105
41371	0.14816835702161424	0.31264879838924337	0.5391828445891425
41372	2.1804898549134878e-05	0.34123344694844276	0.6587447481530081
41373	0.06057258672996128	0.8172994467825841	0.12212796648745461
41374	0.18054780749295266	0.29457188811054624	0.5248803043965011
41375	0.6767746888000721	0.21087077094433154	0.1123545402555962
41376	0.643102875803967	0.3112539760125237	0.045643148183509404
41377	0.14954868871478239	0.31592492860340293	0.5345263826818147
41378	0.2905018238121779	0.5762480454176908	0.13325013077013137
41379	0.24629879627023055	0.5833667489786375	0.170334454751132
41380	0.5948829995986961	0.23436161874119876	0.1707553816601052
41381	0.4892526162325461	0.46112964273226936	0.049617741035184355
41382	0.3633464675268317	0.16065871577778815	0.47599481669538024
41383	0.13807640767814294	0.1126952251563267	0.7492283671655304
41384	0.1688514886644267	0.5360676795377728	0.2950808317978005
41385	0.9999999999998244	1.683509565727552e-13	7.395988217882566e-15
41386	0.26436241160550294	0.5619951941630891	0.173642394231408
41387	0.8033487143090157	0.16012088818774076	0.036530397503243696
41388	0.37904108034922257	0.4754818537247869	0.1454770659259905
41389	0.9690125491427974	0.02534661290527469	0.005640837951927995
41390	0.05492298731994414	0.145064371271969	0.8000126414080869
41391	0.5859043963933668	0.34686149188600274	0.06723411172063044
41392	0.7649668900379306	0.07764506551263235	0.15738804444943696
41393	0.894628105314209	0.059302160176208	0.04606973450958286
41394	0.9999995085743957	4.145818091203684e-07	7.684379500327535e-08
41395	0.11258383238658325	0.29018583430519523	0.5972303333082215
41396	0.16450194025023085	0.7645235484005322	0.07097451134923702
41397	0.1384364567435711	0.8117349988132827	0.049828544443146106
41398	0.09044160789122305	0.6868490559219146	0.22270933618686237
41399	0.3168072952797378	0.5751613264911137	0.1080313782291484
41400	0.49085040047561157	0.4332795166096745	0.07587008291471392
41401	0.02134695490445173	0.07541383915297696	0.9032392059425712
41402	0.22359759126512083	0.6628507272161837	0.11355168151869548
41403	0.47159591207647455	0.4234413893128602	0.10496269861066523
41404	0.3044194012029757	0.1469979918643319	0.5485826069326922
41405	0.2657446204856815	0.4241816407138085	0.31007373880051
41406	0.040239435205492134	0.13541192123647305	0.8243486435580348
41407	0.33378974235701026	0.18006420235454001	0.4861460552884498
41408	0.9909029248334806	0.004807693865821529	0.004289381300697918
41409	0.5564783109304635	0.1355950758678891	0.3079266132016475
41410	0.8765610213808205	0.028091956621772822	0.09534702199740683
41411	0.2847719794460154	0.5202386581322439	0.19498936242174075
41412	0.5650623372975625	0.16972978310015946	0.2652078796022781
41413	0.5176432559354476	0.4786587112455432	0.0036980328190091144
41414	0.30677921454446005	0.44397345311332265	0.24924733234221738
41415	0.12843399298340136	0.6040364781919969	0.26752952882460174
41416	0.9578481081858542	0.030036013157548676	0.012115878656597098
41417	0.9957064500418041	0.0032825809351472524	0.0010109690230485234
41418	0.5733874832057058	0.3270148037174494	0.09959771307684484
41419	0.08432246540739362	0.5554179350508786	0.3602595995417279
41420	0.2029332180513068	0.015617659985354665	0.7814491219633386
41421	0.392669070784449	0.44833154439712725	0.15899938481842363
41422	0.32519918476280835	0.050112839743464754	0.6246879754937268
41423	0.820731218045331	0.056032708187546555	0.12323607376712255
41424	0.13662413821264377	0.38995129932395306	0.47342456246340325
41425	0.4804958949923923	0.09785291787883313	0.4216511871287745
41426	0.22220994000615005	0.7538332040270723	0.023956855966777643
41427	0.1565054036878133	0.04754681916290841	0.7959477771492783
41428	0.2630980103864063	0.42233243058310466	0.3145695590304891
41429	0.025088605653570906	0.6709006797228028	0.30401071462362633
41430	0.9999999999998241	1.680002698823843e-13	7.732011751630299e-15
41431	0.5196745696003947	0.3727520341298326	0.1075733962697726
41432	0.9999990502068433	9.405857537561339e-07	9.207403036673177e-09
41433	0.2134453424431029	0.26468936611696553	0.5218652914399317
41434	0.614352059663402	0.3485729415372337	0.037074998799364364
41435	0.2752929082442403	0.6963180169161474	0.028389074839612297
41436	0.4117861916358344	0.016176401425530302	0.5720374069386354
41437	0.5354391407194005	0.16637828480614913	0.29818257447445046
41438	0.7306322562906638	0.14931073616317592	0.12005700754616032
41439	0.011666543635859204	0.0613468917827347	0.9269865645814059
41440	0.16445827714982997	0.5874325556582086	0.2481091671919614
41441	0.5722666878696475	0.34208665229378504	0.08564665983656741
41442	0.006550229601633968	0.017607107535443124	0.9758426628629229
41443	0.34509186527471314	0.5332123793600492	0.12169575536523762
41444	1.342622282115357e-72	0.00011050008267362022	0.9998894999173263
41445	0.2210249268019386	0.7564051994793157	0.022569873718745727
41446	0.5542963164570244	0.3947606012053881	0.050943082337587514
41447	7.26581948850454e-41	0.004124000869008225	0.9958759991309919
41448	0.34022310135292283	0.6304082159161096	0.029368682730967592
41449	0.009649400107248783	0.2981878663235523	0.6921627335691989
41450	0.28039598575054253	0.29608562979495284	0.42351838445450457
41451	0.6444605523762899	0.14446945457992896	0.21106999304378118
41452	6.385287131376006e-05	0.4964535078541642	0.5034826392745221
41453	0.2921364029058861	0.478399030461385	0.22946456663272893
41454	0.019806307798545142	0.6353335394504528	0.34486015275100196
41455	0.04718271082339089	0.8432808872030999	0.10953640197350915
41456	0.10837554145329169	0.012758180773204819	0.8788662777735037
41457	0.6027617681488213	0.3543724105220461	0.04286582132913261
41458	0.8862863456223846	0.07697374674395224	0.03673990763366319
41459	0.46351053805717585	0.41109663613566727	0.1253928258071569
41460	0.6241728340166818	0.17159678435165937	0.20423038163165885
41461	0.6492421670151326	0.31506982561140096	0.03568800737346648
41462	0.1688004013400685	0.7992826265034849	0.03191697215644656
41463	0.14540641523348305	0.20841901982983477	0.6461745649366821
41464	0.7224276404288422	0.24634306062635739	0.031229298944800442
41465	0.6329379012783776	0.17554518228869706	0.1915169164329253
41466	0.568441073347646	0.28610516561034044	0.1454537610420135
41467	0.13993651256928374	0.7075158564280352	0.15254763100268104
41468	0.14259563865464903	0.7800708968093935	0.07733346453595745
41469	0.3279639081138573	0.4375173176979427	0.23451877418819994
41470	0.7714005384517283	0.12406975966397477	0.1045297018842968
41471	0.3485636054015888	0.5261513162393241	0.1252850783590871
41472	0.7113019236497534	0.11059724594197903	0.1781008304082676
41473	0.8180747560469068	0.1574864826214196	0.024438761331673543
41474	0.3472025985590236	0.519096216596842	0.1337011848441345
